# callgrind format
version: 1
creator: callgrind-3.19.0
pid: 57642
cmd:  ./philo 8 410 200 200 10
part: 1


desc: I1 cache: 
desc: D1 cache: 
desc: LL cache: 

desc: Timerange: Basic block 0 - 1245690
desc: Trigger: Program termination

positions: line
events: Ir
summary: 5754113


ob=(3) ???
fl=(151) ???
fn=(502) 0x000000000487d680
0 2
cob=(2) /usr/lib/x86_64-linux-gnu/libc.so.6
cfi=(157) ./string/../sysdeps/x86_64/multiarch/strrchr-avx2.S
cfn=(504) __strrchr_avx2
calls=1 53 
0 22

fn=(876) 0x0000000000109100
0 64
cob=(2)
cfi=(167) ./malloc/./malloc/malloc.c
cfn=(836) free
calls=32 3359 
0 3044

fn=(488) 0x000000000483f000
0 7

fn=(626) 0x000000000487d760
0 18
cob=(2)
cfi=(186) ./string/../sysdeps/x86_64/multiarch/memset-vec-unaligned-erms.S
cfn=(628) __memset_avx2_unaligned_erms
calls=9 198 
0 324

fn=(908) 0x000000000010aae8
0 4

fn=(784) 0x000000000487d440
0 814
cob=(2)
cfi=(208) ./string/../sysdeps/x86_64/multiarch/memmove-vec-unaligned-erms.S
cfn=(786) __mempcpy_avx_unaligned_erms
calls=407 242 
0 5458

fn=(892) 0x00000000001090f0
0 2
cob=(2)
cfi=(241) ./stdlib/./stdlib/cxa_finalize.c
cfn=(894) __cxa_finalize
calls=1 45 
0 78

fn=(704) 0x0000000000109140
0 9120
cob=(2)
cfi=(188) ./nptl/./nptl/pthread_mutex_unlock.c
cfn=(632) pthread_mutex_unlock@@GLIBC_2.2.5
calls=4560 367 
0 120474

fn=(598) 0x0000000000109160
0 18
cob=(2)
cfi=(176) ./nptl/./nptl/pthread_create.c
cfn=(600) pthread_create@@GLIBC_2.34
calls=9 626 
0 9402

fn=(684) 0x000000000487d6d0
0 3300
cob=(2)
cfi=(208)
cfn=(686) __memcpy_avx_unaligned_erms
calls=1650 255 
0 23562

fn=(708) 0x0000000000109130
0 62606
cob=(2)
cfi=(138) ./time/../sysdeps/unix/sysv/linux/gettimeofday.c
cfn=(710) __gettimeofday_syscall
calls=31303 33 
0 250424

fn=(736) 0x000000000487d510
0 816
cob=(2)
cfi=(219) ./string/../sysdeps/x86_64/multiarch/strlen-avx2.S
cfn=(738) __strlen_avx2
calls=408 52 
0 5712

fn=(678) 0x000000000487d5a0
0 3300
cob=(2)
cfi=(206) ./string/../sysdeps/x86_64/multiarch/strchr-avx2.S
cfn=(680) __strchrnul_avx2
calls=1650 53 
0 31350

fn=(702) 0x00000000001091a0
0 9120
cob=(2)
cfi=(187) ./nptl/./nptl/pthread_mutex_lock.c
cfn=(630) pthread_mutex_lock@@GLIBC_2.2.5
calls=4560 77 
0 167205

fn=(722) 0x0000000000109120
0 816
cob=(2)
cfi=(215) ./stdio-common/./stdio-common/printf.c
cfn=(724) printf
calls=408 28 
0 645609

fn=(834) 0x000000000487d3f0
0 36
cob=(2)
cfi=(167)
cfn=(836)
calls=18 3359 
0 72

fn=(928) 0x000000000483f298
0 4

fn=(520) 0x0000000000109000
0 7

fn=(654) 0x0000000000109180
0 18
cob=(2)
cfi=(197) ./nptl/./nptl/pthread_join.c
cfn=(656) pthread_join@@GLIBC_2.34
calls=9 23 
0 3270

fn=(592) 0x0000000000109190
0 36
cob=(2)
cfi=(174) ./nptl/./nptl/pthread_mutex_init.c
cfn=(594) pthread_mutex_init@@GLIBC_2.2.5
calls=18 53 
0 702

fn=(620) 0x000000000487d720
0 18
cob=(1) /usr/lib/x86_64-linux-gnu/ld-linux-x86-64.so.2
cfi=(45) ./elf/../elf/dl-tls.c
cfn=(622) _dl_allocate_tls
calls=9 670 
0 4446

fn=(754) 0x000000000487d400
0 2
cob=(2)
cfi=(167)
cfn=(564) malloc
calls=1 3294 
0 1501

fn=(464) 0x000000000487d740
0 42
cob=(1)
cfi=(11) ./elf/./elf/dl-tunables.c
cfn=(28) __tunable_get_val
calls=21 438 
0 493

fn=(530) 0x000000000487d7d0
0 2
cob=(1)
cfi=(47) ./elf/./elf/dl-audit.c
cfn=(532) _dl_audit_preinit
calls=1 118 
0 5

fn=(562) 0x0000000000109150
0 64
cob=(2)
cfi=(167)
cfn=(564)
calls=32 3294 
0 7713

fn=(788) 0x00000000001091b0
0 60116
cob=(2)
cfi=(224) ./misc/../sysdeps/posix/usleep.c
cfn=(790) usleep
calls=30058 24 
0 2975742

fn=(868) 0x000000000487d560
0 10
cob=(1)
cfi=(45)
cfn=(870) _dl_deallocate_tls
calls=5 680 
0 1385

fn=(918) 0x000000000483f030
0 2
cob=(2)
cfi=(241)
cfn=(894)
calls=1 45 
0 78

ob=(1)
fl=(53) ./io/../sysdeps/unix/sysv/linux/open64_nocancel.c
fn=(162) __open_nocancel
28 6
+3 3
-3 6
+3 18
+8 21
+2 6

fl=(240) ./elf/./elf/dl-call_fini.c
fn=(884) _dl_call_fini
24 32
+4 8
+6 4
-2 4
+3 8
+3 2
+1 2
-1 2
+1 4
+3 8
+1 2
cob=(4) /usr/local/libexec/valgrind/vgpreload_core-amd64-linux.so
cfi=(154) ???
cfn=(912) 0x00000000000010d0
calls=1 -43 
* 98
cob=(5) /home/azall/Documents/philosophers/philo/philo
cfi=(160) ???
cfn=(886) 0x0000000000001260
calls=1 -43 
* 98
-1 8
+5 4
+1 8
+1 4
+1 10
-1 2
cob=(3)
cfi=(151)
cfn=(928)
calls=1 -49 
* 4
cob=(3)
cfi=(151)
cfn=(908)
calls=1 -49 
* 4
+1 12

fl=(58) ./misc/../sysdeps/unix/sysv/linux/setvmaname.c
fn=(174) __set_vma_name
33 2
+2 7
-2 4
+7 1
-7 2
+7 1
-7 2
+7 1
-7 1
+7 1
cfi=(11)
cfn=(28)
calls=1 438 
* 24
* 3
+7 1
+2 6

fl=(8) ./elf/./elf/dl-setup_hash.c
fn=(14) _dl_setup_hash
25 4
+3 4
-3 4
+3 8
+3 12
+1 8
+2 4
-1 4
+3 12
+1 4
+1 8
+7 4
-5 4
-2 4
+3 8
+2 4
+2 8
+5 4

fl=(32) ./string/../sysdeps/x86_64/multiarch/../multiarch/strcmp-sse2.S
fn=(226) strncmp
98 1
+27 1
+1 1
+1 1
+1 1
+1 1
+2 1
+1 1
+2 1
+1 1
+21 1
+1 1
+1 1
+1 1
+1 1
+1 1
+1 1
+1 1
+17 1
+1 1
+1 1
+1 1
+1 1
+1 1
+1 1
2104 1
+3 1
+1 1
+2 1
+1 1
+8 1
+1 1

fn=(92) strcmp
98 190
+33 190
+1 190
+2 190
+1 190
+21 190
+1 190
+1 164
+1 164
+1 156
+1 156
+1 156
+1 156
+17 156
+1 156
+1 156
+1 156
+1 156
+1 156
+1 156
+5 14
+1 42
+9 14
+1 14
+1 14
+1 14
+1 14
+1 14
+1 14
+1 14
-7 34
+1 34
+1 34
+1 34
+1 34
+1 34
+1 34
+1 34
+1 43
+1 19
+1 19
+1 19
+2 19
+1 19
+1 19
+1 19
+1 19
+1 19
-5 24
+1 24
+1 24
+1 24
+1 24
+1 24
+10 5
+1 5
+1 5
+2 5
+6 5
+1 5
+1 5
+1 5
+1 5
+5 5
+2 3
+1 3
+1 6
+8 3
+1 3
+3 3
+1 3
+1 3
+1 3
+1 3
+1 3
542 2
+1 2
+1 2
+1 2
+1 2
+2 2
+1 2
+1 2
+1 2
+1 2
+1 2
+1 2
+1 1
+4 1
+1 1
+1 1
+6 1
+1 1
+1 2
+4 1
+1 1
+3 1
+1 1
+1 1
+2 1
+1 1
+1 1
+4 1
+1 1
+1 1
+1 1
+1 1
+1 1
780 2
+1 2
+1 2
+1 2
+1 2
+2 2
+1 2
+1 2
+1 2
+1 2
+1 2
+1 2
+1 2
+4 2
+1 2
+1 2
+6 2
+1 2
+1 4
+4 2
+1 2
+3 2
+1 2
+1 2
+2 2
+1 2
+1 2
+4 2
+1 2
+1 2
+1 2
+1 2
+1 2
+69 2
+1 2
+1 2
+1 2
+1 2
+2 2
+1 2
+1 2
+1 2
+1 2
+1 2
+1 2
+1 2
+4 2
+1 2
+1 2
+6 2
+1 2
+1 4
+4 2
+1 2
+3 2
+1 2
+1 2
+2 2
+1 2
+1 2
+4 2
+1 2
+1 2
+1 2
+1 2
+1 2
+7 1
+1 1
+2 1
+1 1
+2 1
+1 1
+1 1
+2 1
+1 1
+1 1
+4 1
+1 1
+1 1
+1 1
+1 1
+1 1
+41 1
+1 1
+1 1
+1 1
+1 1
+2 1
+1 1
+1 1
+1 1
+1 1
+1 1
+1 1
+1 1
+4 1
+1 1
+1 1
+6 1
+1 1
+1 2
+4 1
+1 1
+3 1
+1 1
+1 1
+2 1
+1 1
+1 1
+4 1
+1 1
+1 1
+1 1
+1 1
+1 1
+69 4
+1 4
+1 4
+1 4
+1 4
+2 4
+1 4
+1 4
+1 4
+1 4
+1 4
+1 4
+1 1
+4 1
+1 1
+1 1
+6 1
+1 1
+1 2
+4 1
+1 1
+3 1
+1 1
+1 1
+2 1
+1 1
+1 1
+4 1
+1 1
+1 1
+1 1
+1 1
+1 1
+7 1
+1 1
+2 1
+1 1
+2 1
+1 1
+1 1
+2 1
+1 1
+1 1
+4 1
+1 1
+1 1
+1 1
+1 1
+1 1
+41 3
+1 3
+1 3
+1 3
+1 3
+2 3
+1 3
+1 3
+1 3
+1 3
+1 3
+1 3
+1 2
+4 2
+1 2
+1 2
+6 2
+1 2
+1 4
+4 2
+1 2
+3 2
+1 2
+1 2
+2 2
+1 2
+1 2
+4 2
+1 2
+1 2
+1 2
+1 2
+1 2
+69 9
+1 9
+1 9
+1 9
+1 9
+2 9
+1 9
+1 9
+1 9
+1 9
+1 9
+1 9
+1 4
+4 4
+1 4
+1 4
+6 4
+1 4
+1 8
+4 4
+1 4
+3 4
+1 4
+1 4
+2 4
+1 4
+1 4
+4 4
+1 4
+1 4
+1 4
+1 4
+1 4
+7 1
+1 1
+2 1
+1 1
+2 1
+1 1
+1 1
+2 1
+1 1
+1 1
+4 1
+1 1
+1 1
+1 1
+1 1
+1 1
+41 7
+1 7
+1 7
+1 7
+1 7
+2 7
+1 7
+1 7
+1 7
+1 7
+1 7
+1 7
+1 5
+4 5
+1 5
+1 5
+6 5
+1 5
+1 10
+4 5
+1 5
+3 5
+1 5
+1 5
+2 5
+1 5
+1 5
+4 5
+1 5
+1 5
+1 5
+1 5
+1 5
+69 2
+1 2
+1 2
+1 2
+1 2
+2 2
+1 2
+1 2
+1 2
+1 2
+1 2
+1 2
+1 2
+4 2
+1 2
+1 2
+6 2
+1 2
+1 4
+4 2
+1 2
+3 2
+1 2
+1 2
+2 2
+1 2
+1 2
+4 2
+1 2
+1 2
+1 2
+1 2
+1 2
+7 1
+1 1
+2 1
+1 1
+2 1
+1 1
+1 1
+2 1
+1 1
+1 1
+4 1
+1 1
+1 1
+1 1
+1 1
+1 1
+41 4
+1 4
+1 4
+1 4
+1 4
+2 4
+1 4
+1 4
+1 4
+1 4
+1 4
+1 4
+1 3
+4 3
+1 3
+1 3
+6 3
+1 3
+1 6
+4 3
+1 3
+3 3
+1 3
+1 3
+2 3
+1 3
+1 3
+4 3
+1 3
+1 3
+1 3
+1 3
+1 3
+69 6
+1 6
+1 6
+1 6
+1 6
+2 6
+1 6
+1 6
+1 6
+1 6
+1 6
+1 6
+1 2
+4 2
+1 2
+1 2
+6 2
+1 2
+1 4
+4 2
+1 2
+3 2
+1 2
+1 2
+2 2
+1 2
+1 2
+4 2
+1 2
+1 2
+1 2
+1 2
+1 2
+69 1
+1 1
+1 1
+1 1
+1 1
+2 1
+1 1
+1 1
+1 1
+1 1
+1 1
+1 1
+2 1
+4 1
+1 1
+1 1
+6 1
+1 1
+2 2
+4 1
+1 1
+3 1
+1 1
+1 1
+2 1
+1 1
+1 1
+4 1
+1 1
+1 1
+1 1
+1 1
+1 1
+71 29
+2 29
+1 29
+1 29
+1 29
-3 19
+1 19
+1 19
+1 19
+1 38
+5 19
+6 19
+1 19
+8 19
+1 19
-16 171
+6 171
+1 171
+8 171
+1 171

fl=(30) ./elf/./elf/dl-load.c
fn=(104) _dl_init_paths
695 11
+14 1
-14 2
+14 2
cfi=(37) ./elf/./elf/dl-hwcaps.c
cfn=(106) _dl_important_hwcaps
calls=1 172 
* 1246
fi=(28) ./elf/../include/rtld-malloc.h
56 1
fe=(30)
709 1
fi=(28)
56 1
cfi=(27) ./elf/./elf/dl-minimal-malloc.c
cfn=(76) __minimal_malloc
calls=1 -20 
* 30
fe=(30)
714 1
+2 3
+8 2
-1 3
+5 3
fi=(28)
56 1
cfi=(27)
cfn=(76)
calls=1 -20 
* 30
fe=(30)
728 1
+2 4
+7 1
+8 1
+2 1
+12 2
-23 1
+9 1
+11 1
-4 1
-5 1
+3 2
+7 2
+2 2
-11 1
+11 3
-8 1
+4 1
+1 3
+1 16
cfi=(43) ./string/../sysdeps/x86_64/multiarch/../multiarch/memset-vec-unaligned-erms.S
cfn=(128) memset
calls=4 137 
* 56
+2 15
-14 3
+10 3
+4 9
-12 3
-2 3
+2 3
+4 3
-3 3
+3 3
+1 3
-2 3
+5 9
+1 6
+3 1
+15 1
-8 1
+5 1
-6 1
+9 2
+2 4
+2 3
+36 3
+31 1
+1 8
-49 1
-2 1
+2 2
+14 2

fn=(86) _dl_process_pt_gnu_property
857 3
+8 3
-8 3
+8 3
-6 3
+12 6
-13 3
+13 3
-13 3
+13 6
+3 9
+1 6
+1 6
+3 9
+1 9
+4 3
+1 6
+22 9
+2 12
-20 10
+1 5
+3 10
+3 5
+1 20
fi=(31) ./elf/../sysdeps/x86/dl-prop.h
95 20
+7 10
+16 5
-3 10
252 4
+5 2
-4 2
+4 6
+3 2
-6 6
+1 3
+2 12
+3 4
fe=(30)

fn=(156) expand_dynamic_string_token
374 9
230 2
374 1
230 1
cfi=(41) ./string/../sysdeps/x86_64/multiarch/../multiarch/strchr-sse2.S
cfn=(116) index
calls=1 32 
* 48
+3 2
399 1
-11 1
+11 6
-11 1
cfi=(52) ./string/./string/strdup.c
cfn=(158) strdup
calls=1 40 
* 103

fn=(166) _dl_map_object_from_fd
933 20
+15 2
-15 4
+15 2
-15 4
+15 4
+77 8
+10 4
+7 14
cfi=(26) ./elf/./elf/dl-object.c
cfn=(70) _dl_new_object
calls=2 59 
* 861
* 2
+1 4
+11 2
+5 2
-4 2
-1 2
+2 2
+2 2
-2 2
+2 4
+1 6
+1 2
+19 2
-2 1
+2 12
-2 1
+2 28
+10 2
-10 2
+10 6
+27 2
-33 2
-3 2
+2 2
-1 2
+35 2
+9 2
-50 2
+41 2
+9 2
-36 2
+63 10
-62 86
+26 56
+8 16
+1 8
-1 8
+1 32
+1 8
-1 8
+1 8
+2 8
-2 8
+2 8
+2 8
-4 8
+1 8
+3 8
-4 8
+4 40
+2 16
+13 34
+6 6
+1 54
-28 12
-35 18
+62 2
+1 18
-28 4
-35 51
+1 127
1202 2
1089 2
1202 4
1089 6
1207 14
+10 8
+1 2
-1 2
+1 2
-1 6
+1 6
-1 6
+1 6
-1 18
1055 4
1224 4
+10 8
+7 4
fi=(59) ./elf/./dl-map-segments.h
28 2
fe=(30)
1241 10
fi=(59)
28 4
+1 16
cfi=(57) ./misc/../sysdeps/unix/sysv/linux/mmap64.c
cfn=(172) mmap
calls=2 +18 
* 56
+73 4
-1 2
-72 2
+73 2
+3 4
+1 2
+2 2
-3 2
+1 2
+2 2
+17 2
-44 2
fi=(60) ./elf/./dl-load.h
+10 16
fi=(59)
+58 32
+6 2
+2 2
-2 2
+3 2
-2 2
+2 2
-1 4
+3 6
+5 4
+3 6
+8 14
cfi=(43)
cfn=(128)
calls=2 -39 
* 287
* 4
+6 4
+12 8
-59 48
+2 24
+2 48
cfi=(57)
cfn=(172)
calls=6 -92 
* 126
* 12
fe=(30)
1253 2
fi=(56) ./elf/../sysdeps/posix/dl-fileid.h
37 4
cfi=(55) ./io/../sysdeps/unix/sysv/linux/fstat64.c
cfn=(168) fstat
calls=2 -7 
* 12
* 4
fe=(30)
978 2
fi=(56)
40 2
fe=(30)
978 8
fi=(56)
40 2
fe=(30)
978 25
+1 10
fi=(56)
49 12
fe=(30)
1474 18
1063 13
+1 2
-1 1
+1 1
-1 1
+1 1
cfi=(67) ./io/../sysdeps/unix/sysv/linux/pread64_nocancel.c
cfn=(206) __pread64_nocancel
calls=1 25 
* 7
* 2
+46 2
+1 1
-15 4
+7 2
+2 2
-2 2
+1 2
+1 2
-1 4
+1 16
+60 3
+5 1
-1 2
+5 1
-5 2
-66 1
+71 4
+1 1
+3 1
-3 1
+8 4
+15 4
+1 2
997 4
1257 8
+1 6
fi=(61) ./elf/./elf/get-dynamic-info.h
39 4
+6 2
-2 2
+11 2
+1 2
-10 4
+8 3
+15 3
-23 12
+23 44
-23 176
+4 94
+3 13
-1 26
+3 40
+1 32
fi=(60)
+37 4
+2 1
-1 1
+1 1
-1 1
+1 1
-1 1
+1 1
-1 2
+3 4
fi=(61)
-24 4
+43 2
+7 2
+1 6
+6 6
+1 3
+17 6
+5 2
+2 2
+2 2
+2 2
+1 1
+3 6
+2 6
+1 4
+9 4
+6 4
+1 2
+3 4
fe=(30)
1264 4
+1 4
+2 4
+10 6
+19 6
+2 12
+18 6
+1 2
+6 14
+1 42
+6 8
cfn=(86)
calls=2 857 
* 152
-7 52
+1 25
+6 25
-6 50
fi=(31)
149 8
fi=(61)
-93 10
+3 8
+13 4
+12 7
+1 8
+1 8
+1 8
+1 7
+1 7
+1 7
+1 8
+12 2
+7 2
-7 14
+7 5
fe=(30)
1063 2
1335 4
cfi=(62) ./io/../sysdeps/unix/sysv/linux/close_nocancel.c
cfn=(184) __GI___close_nocancel
calls=2 25 
* 12
* 4
+13 4
+2 8
+2 4
+16 4
cfi=(8)
cfn=(14)
calls=2 25 
* 54
+4 4
+1 4
+17 4
+1 1
+3 1
+5 1
-5 1
+5 1
-5 1
+5 1
-5 1
+5 1
+5 4
+12 16
+10 4
+1 4
+5 2
cfi=(45)
cfn=(208) _dl_assign_tls_modid
calls=1 150 
* 12
+7 6
cfi=(26)
cfn=(82) _dl_add_to_namespace_list
calls=2 31 
* 106
+3 4
+4 4
cfi=(44) ./elf/./elf/dl-debug.c
cfn=(186) _dl_debug_update
calls=2 38 
* 14
* 2
+1 6
+22 14
+1 6
cfi=(47)
cfn=(188) _dl_audit_objopen
calls=2 77 
* 10
* 2
fi=(59)
186 8
cfi=(57)
cfn=(172)
calls=1 47 
* 21
+3 2
fe=(30)
1417 6
+2 1
-1 5
+1 1
-1 1
+1 1
-1 1
cfi=(32)
cfn=(92)
calls=1 98 
* 71
* 2
+2 5
+45 4
fi=(61)
62 8
+2 8
fe=(30)

fn=(194) _dl_dst_count
227 4
+3 2
-3 10
+7 2
-7 4
+3 2
cfi=(41)
cfn=(116)
calls=2 32 
* 72
+3 4
+20 18

fn=(152) _dl_map_object
1922 36
+8 6
+1 12
+3 51
+5 49
+2 21
cfi=(51) ./elf/./elf/dl-misc.c
cfn=(154) _dl_name_match_p
calls=7 68 
* 793
* 14
+4 12
+1 18
+4 2
-1 10
+1 2
+1 2
-1 2
+1 4
cfi=(32)
cfn=(92)
calls=2 98 
* 50
* 4
2211 29
1966 6
-1 4
+9 2
-50 2
+50 4
+17 4
-2 2
+2 2
cfi=(41)
cfn=(116)
calls=2 32 
* 48
* 4
2143 2
-1 3
cfn=(156)
calls=1 374 
* 175
+6 1
-7 1
+1 1
+2 2
+4 7
cfn=(160) open_verify.constprop.0
calls=1 1527 
* 108
+3 2
-3 1
+3 1
+12 4
+45 1
+1 5
-1 1
+1 8
cfn=(166)
calls=1 933 
* 1936
-1 1
+1 5
-1 1
+1 8
cfn=(166)
calls=1 933 
* 2414
* 6
1995 2
cfi=(22) ./string/../sysdeps/x86_64/multiarch/../multiarch/strlen-sse2.S
cfn=(60) strlen
calls=1 57 
* 17
* 2
+2 2
+7 4
+57 2
671 1
2062 1
671 2
2076 2
cfi=(65) ./elf/./elf/dl-cache.c
cfn=(198) _dl_load_cache_lookup
calls=1 387 
* 1311
* 1
+2 2
+4 2
+31 1
-23 2
+23 7
cfn=(160)
calls=1 1527 
* 139
+4 2
-4 1
+4 1
+1 1
+17 2
+28 4
+46 2
2029 1
+1 1
671 5
2054 2
-46 1
+1 1
685 5
2013 3
671 1
2014 1
671 2
2028 5
+1 7
+41 2
+2 3
-33 3

fn=(160)
1527 20
+32 2
-32 4
+32 4
+19 8
cfi=(53)
cfn=(162)
calls=2 28 
* 40
* 2
+2 4
+8 2
+1 4
+5 2
-5 2
+5 12
cfi=(54) ./io/../sysdeps/unix/sysv/linux/read_nocancel.c
cfn=(164) __read_nocancel
calls=2 25 
* 12
+4 2
-2 4
+2 4
+2 4
+6 4
+17 26
+81 4
+5 4
+6 8
+6 4
+6 2
+1 2
-1 6
+1 6
+26 18
-22 13
+1 2
-1 1
+1 1
cfi=(67)
cfn=(206)
calls=1 25 
* 7
* 2
1623 3
1732 2

fl=(54)
fn=(164)
25 2
+1 8
+1 2

fl=(50) ./setjmp/../sysdeps/x86_64/setjmp.S
fn=(148) __sigsetjmp
31 3
+2 3
+9 3
+1 6
+1 3
+4 3
+1 3
+1 3
+1 3
+1 3
+2 6
+2 3
+1 3
+1 3
+2 6
+2 3
+8 3
+3 3
+1 3
+7 3
+1 3

fl=(45)
fn=(870)
680 45
+1 5
+3 25
+1 15
fi=(28)
50 10
cob=(2)
cfi=(167)
cfn=(836)
calls=5 3359 
* 20
fe=(45)
685 210
fi=(28)
50 140
cob=(2)
cfi=(167)
cfn=(836)
calls=70 3359 
* 280
fe=(45)
684 150
+4 10
+1 5
fi=(28)
50 5
cob=(2)
cfi=(167)
cfn=(836)
calls=5 3359 
* 425
fe=(45)
691 10
+2 30

fn=(230) _dl_tls_static_surplus_init
122 2
+3 1
-3 3
+3 1
-3 1
+3 1
-3 1
+3 1
-3 1
+3 1
cfi=(11)
cfn=(28)
calls=1 438 
* 23
* 1
+1 4
cfi=(11)
cfn=(28)
calls=1 438 
* 23
+1 1
+2 1
-3 1
+1 2
+2 3
+3 1
+2 1
-26 3
+28 3
+1 6

fn=(208)
150 1
+16 1
-13 1
-3 3
+3 1
+55 1
-2 1
+5 1
+1 2

fn=(232) _dl_determine_tlsoffset
241 9
+6 4
+3 2
+36 3
+2 1
-2 1
-2 1
-40 1
-1 1
-1 1
+46 2
+23 3
+3 1
-3 5
+2 2
+6 1
-33 2
+20 1
-20 5
+2 2
+3 1
-1 1
+5 2
-5 1
+1 1
-1 1
+3 2
+2 3
+32 2
-1 1
+53 1
-52 5
+2 2
+51 8

fn=(236) _dl_tls_initial_modid_limit_setup
1090 1
+1 1
+2 4
+6 2
-6 3
+2 6
+1 4
+6 1
+1 1

fn=(424) _dl_add_to_slotinfo
1128 1
+1 2
-1 7
+1 2
+8 1
+3 1
+1 1
+4 3
+36 2
+10 1
-1 1
+1 5
-7 2
+1 3
+2 2

fn=(234) _dl_allocate_tls_storage
442 7
+2 1
+11 1
88 1
459 1
fi=(28)
56 1
cfi=(27)
cfn=(76)
calls=1 -20 
* 85
fe=(45)
460 2
+11 3
fi=(28)
44 1
fe=(45)
471 2
+5 1
-5 1
+1 1
+4 304
+19 1
390 1
+4 1
+1 1
fi=(28)
44 1
cfi=(27)
cfn=(72) __minimal_calloc
calls=1 +36 
* 41
fe=(45)
396 2
+3 1
+6 2
94 1
503 7

fn=(132) _dl_count_modids
217 1
+2 2
+1 1
+15 2

fn=(428) _dl_allocate_tls_init
563 10
+1 2
+4 2
+6 2
cfi=(24) ./elf/../sysdeps/nptl/dl-tls_init_tp.c
cfn=(84) rtld_mutex_dummy
calls=1 42 
* 3
+3 3
+12 1
-18 3
+42 1
-43 1
+43 4
-19 13
+9 3
+1 2
+6 3
+3 1
-2 1
+2 1
-2 1
+6 1
-4 4
+4 1
-4 1
+3 2
+4 2
+1 4
+2 2
+1 3
+19 1
-10 1
+10 1
+2 4
cfi=(29) ./string/../sysdeps/x86_64/multiarch/memmove-vec-unaligned-erms.S
cfn=(124) mempcpy
calls=1 197 
* 13
* 7
cfi=(43)
cfn=(128)
calls=1 137 
* 25
-51 1
+55 1
+4 1
-59 4
+6 7
+59 2
cfi=(24)
cfn=(84)
calls=1 42 
* 3
+3 1
+3 9

fn=(622)
670 90
+1 18
390 9
fi=(28)
44 9
fe=(45)
394 9
+1 9
fi=(28)
44 9
cob=(2)
cfi=(167)
cfn=(624) calloc
calls=9 3699 
* 2403
fe=(45)
396 18
+9 9
-6 9
+6 18
574 18
cob=(2)
cfi=(187)
cfn=(630)
calls=9 77 
* 396
+3 27
+12 9
+24 9
-42 9
-1 18
+24 72
+9 27
+1 18
+6 27
+3 9
-2 9
+6 9
-6 9
+2 9
+4 9
-4 27
+3 18
+4 18
+1 36
+2 18
+1 9
+21 36
-21 9
+21 9
-12 9
+12 18
cfi=(29)
cfn=(124)
calls=9 197 
* 117
* 54
cfi=(43)
cfn=(128)
calls=9 137 
* 225
-51 9
+59 27
-59 36
+6 36
+59 18
cob=(2)
cfi=(188)
cfn=(632)
calls=9 367 
* 333
+3 9
+2 9
+10 72

fl=(42) ./string/../sysdeps/x86_64/multiarch/../multiarch/memcmp-sse2.S
fn=(120) bcmp
59 1
+12 1
+1 1
+22 1
+1 1
+45 1
+1 1
+2 1
+1 1
+2 1
+1 1
+2 1
+1 1
+47 1
+1 1
+1 1
+1 1
+1 1
+1 1

fl=(25) ./elf/./elf/dl-environ.c
fn=(68) _dl_next_ld_env_entry
28 2
+1 2
+3 71
+13 64
-13 128
+2 130
+1 34
+5 1
-3 1
+3 1
+2 1

fl=(24)
fn=(84)
42 8
+2 16

fn=(240) __tls_init_tp
66 2
fi=(246) ./elf/../include/list.h
-22 1
fe=(24)
+22 3
fi=(246)
-23 1
fe=(24)
+24 1
+3 1
fi=(246)
-27 1
+1 1
+1 1
+2 1
fe=(24)
+26 4
+1 2
+1 1
+5 2
+5 1
+6 1
-3 1
+3 1
-6 3
+6 1
+12 4
cfi=(11)
cfn=(28)
calls=1 438 
* 24
fi=(72) ./elf/../sysdeps/unix/sysv/linux/rseq-internal.h
-62 3
+18 1
fe=(24)
+54 1
+7 1
-7 1
+7 1
+1 3
fi=(72)
-71 2
+4 1
-4 2
+4 5
+2 2
fe=(24)

fn=(66) __tls_pre_init_tp
51 3
+3 8
+5 1
-5 1
+5 1
+1 1
-6 1
+8 1

fl=(73) ./elf/../sysdeps/x86_64/dl-cet.c
fn=(244) _dl_cet_check
361 10
-76 1
-10 2
+2 2
-1 1
+6 1
+3 1
+8 1
-11 1
+1 1
-1 1
+1 1
-1 1
+1 1
+10 4
+9 1
-2 1
+4 1
-8 1
+6 1
-2 2
+4 1
-4 1
+4 4
+9 2
157 2
-12 2
+12 2
+22 1
363 8

fn=(480) _dl_cet_setup_features
331 1
+3 2
+16 1

fl=(65)
fn=(472) _dl_unload_cache
509 1
+1 4
-1 1
+3 1
-3 1
+3 1
cfi=(137) ./misc/../sysdeps/unix/syscall-template.S
cfn=(474) munmap
calls=1 117 
* 6
+7 1
-6 1
+4 1
+2 1

fn=(198)
387 10
+2 2
+3 3
+74 3
207 1
469 2
207 2
-7 6
+9 5
+1 1
-23 2
+23 1
+4 2
-5 35
+1 7
-23 14
+23 7
+4 14
+4 32
cfn=(204) _dl_cache_libcmp
calls=8 341 
* 671
+1 16
330 7
+3 2
207 4
331 5
207 19
+22 2
+3 2
+2 4
cfn=(204)
calls=1 341 
* 82
* 2
-7 4
fi=(247) ./elf/../sysdeps/x86/dl-isa-level.h
28 3
fe=(65)
236 2
fi=(247)
28 1
fe=(65)
236 1
fi=(247)
28 2
fe=(65)
246 2
+10 2
+1 3
+16 1
fi=(66) ./elf/../sysdeps/generic/dl-cache.h
125 1
fe=(65)
273 4
+9 2
+5 2
+27 3
484 2
+12 2
cfi=(22)
cfn=(60)
calls=1 57 
* 35
+1 1
-1 1
+1 11
+1 1
-1 1
+1 1
-1 1
+1 1
cfi=(29)
cfn=(80) memcpy
calls=1 210 
* 11
* 1
+1 1
cfi=(52)
cfn=(158)
calls=1 40 
* 95
+1 8
-3 2
395 4
cfi=(51)
cfn=(200) _dl_sysdep_read_whole_file
calls=1 36 
* 103
* 1
+8 5
+1 8
+3 3
+1 1
-1 4
fi=(66)
194 1
+1 5
fe=(65)
415 1
+1 2

fn=(204)
341 9
+1 9
+32 9
-32 18
+22 88
+2 88
-12 36
+2 36
+14 36
+1 36
-29 72
+2 45
+2 135
-2 90
+2 2
+6 1
+2 1
-1 1
-1 2
+1 1
+1 3
+2 4
+2 2
-16 2
+32 3
-7 24

fl=(139) ./elf/./elf/dl-find_object.c
fn=(434) _dlfo_process_initial
475 2
+3 2
-3 6
+1 2
+3 4
+26 14
+1 6
+1 8
-1 16
+3 28
+3 24
-7 10
+27 2
-2 2
+2 6
-18 18
+3 6
-1 6
cfi=(140) ./elf/./dl-find_object.h
cfn=(432) _dl_find_object_from_map
calls=3 95 
* 189
+2 12

fn=(436) _dlfo_sort_mappings
537 1
+1 2
+3 4
+4 1
+1 1
-1 1
+1 2
-1 1
+1 1
-1 1
+1 10
+1 15
+3 2
-1 2
-3 9
+8 6
+1 4
-1 2
-13 4
+14 6
+1 4
-15 4
+17 1

fn=(430) _dl_find_object_init
562 2
+3 1
-3 3
+5 2
+13 1
cfn=(434)
calls=1 475 
* 81
+1 1
-1 1
+1 1
fi=(28)
56 1
cfi=(27)
cfn=(76)
calls=1 -20 
* 30
fe=(139)
581 1
fi=(28)
56 1
fe=(139)
583 2
+3 2
+5 1
+1 1
cfn=(434)
calls=1 475 
* 282
+3 3
+10 4
-37 2
cfi=(140)
cfn=(432)
calls=1 95 
* 68
* 1
+29 2
cfn=(436)
calls=1 -60 
* 84
+3 6
+2 1

fl=(49) ./elf/./elf/dl-catch.c
fn=(144) _dl_catch_error
258 6
+2 1
-2 6
+2 1
cfn=(146) _dl_catch_exception
calls=1 -52 
* 2726
+1 2
+1 1
+1 1
-1 1
+1 1
+2 6

fn=(146)
208 18
58 3
208 6
+3 6
+22 3
-1 3
+1 3
58 6
239 9
cfi=(50)
cfn=(148)
calls=3 31 
* 72
* 9
+2 9
cfi=(64) ./elf/./elf/dl-deps.c
cfn=(196) openaux
calls=2 61 
* 4848
cfi=(2) ./elf/./elf/rtld.c
cfn=(150) map_doit
calls=1 641 
* 2660
69 3
+1 3
-1 3
+1 3
243 12
-25 3
+34 9
59 6
+11 9

fn=(218) _dl_receive_error
190 2
58 1
190 4
+2 1
-2 1
58 1
+1 1
+11 1
196 1
+2 1
cfi=(2)
cfn=(220) version_check_doit
calls=1 674 
* 3977
69 2
+1 1
202 1
-1 1
+1 3

fl=(43)
fn=(128)
137 16
+1 80
+5 16
+1 16
+3 11
+1 11
+88 11
+1 11
+12 11
+3 11
+1 11
+12 11
+1 11
+13 11
+1 11
+2 11
+3 1
+3 2
+3 1
+1 1
+1 1
+1 1
+1 1
+1 1
+1 1
-6 34
+1 34
+1 34
+1 34
+1 34
+1 34
+1 34
+3 11
+1 11
+1 11
+1 11
+5 11
+46 5
+2 5
+1 5
+39 5
+1 5
+2 5

fl=(55)
fn=(168)
30 3
+9 12
+33 3

fl=(64)
fn=(196)
61 12
+7 2
-4 6
+1 2
-1 14
cfi=(30)
cfn=(152)
calls=2 1922 
* 4804
* 2
+5 6

fn=(192) _dl_map_object_deps
143 4
+1 2
-1 1
+1 1
-1 2
+1 1
-1 1
+1 1
-1 4
+1 3
-1 1
+1 7
-8 1
+8 2
-8 1
-6 1
-2 1
+8 1
+8 1
-15 1
+1 1
+6 1
+24 4
-28 2
-2 1
+31 1
-33 2
+2 2
+30 2
-30 1
-1 4
+7 4
+24 3
+28 3
-6 1
+50 1
fi=(69) ./elf/../include/scratch_buffer.h
77 1
fe=(64)
+87 1
fi=(69)
-87 1
+1 1
fe=(64)
184 1
+48 3
-35 1
-4 1
+4 5
-4 3
+4 6
+11 12
-18 2
+18 4
417 8
+2 2
+3 2
-3 6
+3 2
-3 2
fi=(28)
56 2
cfi=(27)
cfn=(76)
calls=2 -20 
* 60
fe=(64)
423 6
fi=(28)
56 2
fe=(64)
423 2
+6 2
+1 12
cfi=(29)
cfn=(80)
calls=2 210 
* 22
+1 10
cfi=(29)
cfn=(80)
calls=2 210 
* 22
+3 2
+1 4
+4 12
188 6
442 9
-1 4
+1 8
183 5
+27 10
+5 2
+6 2
-5 2
-1 2
+2 4
+1 4
+3 6
+7 2
-9 2
-29 2
+38 2
-38 2
+38 2
-38 4
+32 112
+6 8
cfi=(30)
cfn=(194)
calls=2 -1 
* 118
* 6
+4 4
-2 2
+2 4
cfi=(49)
cfn=(146)
calls=2 -24 
* 4980
+1 4
+9 2
+2 4
+5 10
+6 2
+2 2
-8 4
+3 2
+1 2
+1 2
+1 2
+4 2
-3 2
+3 6
+4 6
+1 3
-43 230
+7 4
+38 162
fi=(69)
85 3
fe=(64)
448 5
+1 1
+3 4
+11 5
fi=(28)
56 1
cfi=(27)
cfn=(76)
calls=1 -20 
* 30
fe=(64)
465 3
fi=(28)
56 1
fe=(64)
465 1
+5 2
+1 1
-1 3
+4 2
-2 1
+2 1
-2 2
+13 3
+5 3
-16 9
+11 3
-7 3
+7 3
-2 6
-5 1
+7 1
-2 2
+2 1
-11 1
+11 1
+5 1
-16 3
+21 3
+37 2
+15 2
-14 2
+20 1
-1 4
+1 4
-1 5
cfi=(13) ./elf/./elf/dl-sort-maps.c
cfn=(214) _dl_sort_maps
calls=1 298 
* 275
+5 1
+2 1
+1 1
+1 2
-2 1
+2 1
+7 3
+3 2
+3 8
198 25
+3 2
fi=(69)
-70 8
cfi=(68) ./malloc/./malloc/scratch_buffer_set_array_size.c
cfn=(210) __libc_scratch_buffer_set_array_size
calls=2 30 
* 50
fe=(64)
+70 6
+4 4
547 4
cfi=(29)
cfn=(80)
calls=1 210 
* 11
* 3
-53 2
144 2

fl=(140)
fn=(432)
95 8
+1 8
+1 4
+6 20
+1 119
+1 82
+2 12
+5 4

fl=(144) ./elf/./elf/dl-lookup-direct.c
fn=(448) _dl_lookup_direct
74 30
+2 3
-2 6
+4 3
-4 3
+2 3
+2 9
+37 3
-37 9
+1 6
+2 15
+3 25
+2 6
-54 3
+54 3
-54 3
+54 3
-54 9
+1 9
+2 6
+1 6
+12 12
+3 3
+2 3
-2 3
+2 9
cfi=(32)
cfn=(92)
calls=3 +45 
* 230
* 6
+4 6
+1 3
-1 3
+1 18
+1 9
cfi=(32)
cfn=(92)
calls=3 +39 
* 75
* 6
+57 27
-23 6

fl=(48) ./string/../string/strcspn.c
fn=(142) strcspn
32 6
+1 3
+1 2
+5 6
+1 4
+1 4
+1 4
+2 1
+3 3
+1 2
-1 6
+1 4
+3 4
+1 4
+1 4
+1 4
+2 4
+6 1
-1 1
+1 1
+2 2
-1 2
+2 1
+2 6
-5 13
-1 13
+1 13
+2 26
-1 26
+2 13
+2 78
+2 1
+1 3
+1 2
-1 1
+1 1

fl=(51)
fn=(154)
68 98
+1 28
cfi=(32)
cfn=(92)
calls=14 +29 
* 450
* 28
+3 14
+2 28
+6 15
-6 30
+1 54
cfi=(32)
cfn=(92)
calls=18 +23 
* 630
* 36
+8 3
-13 3
+13 20
-1 11
+1 33

fn=(200)
36 2
+3 1
-3 7
+3 1
-3 2
+3 1
cfi=(53)
cfn=(162)
calls=1 -11 
* 20
+1 2
+23 8
-21 4
cfi=(55)
cfn=(168)
calls=1 -12 
* 6
* 2
+2 2
+3 2
+13 2
cfi=(62)
cfn=(184)
calls=1 -35 
* 6
* 1
-11 6
cfi=(57)
cfn=(172)
calls=1 -2 
* 26
* 2

fl=(37)
fn=(106)
172 6
+3 1
-3 3
+3 1
-3 5
+2 1
cfi=(38) ./elf/../sysdeps/x86_64/dl-hwcaps-subdirs.c
cfn=(108) _dl_hwcaps_subdirs_active
calls=1 29 
* 49
+1 1
fi=(40) ./elf/./dl-hwcaps.h
43 1
fe=(37)
174 1
fi=(40)
45 2
+32 1
+1 1
+1 1
fe=(37)
-27 2
cfi=(39) ./elf/./elf/dl-hwcaps_split.c
cfn=(112) _dl_hwcaps_split_masked
calls=1 -1 
* 22
* 2
fi=(40)
-9 1
+2 1
-2 1
+34 2
+1 2
+1 1
fe=(37)
-24 2
-1 2
+1 2
+1 2
+1 2
-5 4
cfi=(39)
cfn=(112)
calls=2 -1 
* 130
* 2
cfi=(39)
cfn=(112)
calls=1 -1 
* 126
* 6
+48 4
fi=(28)
-44 2
cfi=(27)
cfn=(76)
calls=1 -20 
* 30
fe=(37)
+46 2
-2 1
+2 1
+3 1
+3 1
fi=(40)
-65 1
+2 1
fe=(37)
+67 1
fi=(40)
-66 1
fe=(37)
+66 2
cfi=(39)
cfn=(118) _dl_hwcaps_split
calls=1 -87 
* 13
* 2
fi=(40)
-69 1
+2 1
-2 1
+34 2
+1 2
+1 1
fe=(37)
+48 10
+1 4
+1 2
+1 2
-1 2
-4 4
cfi=(39)
cfn=(112)
calls=2 -74 
* 130
* 2
cfi=(39)
cfn=(112)
calls=1 -74 
* 126
* 6
+8 3
+9 5
+3 8
-2 7
+8 2
+4 2
-4 3
+4 2
cfi=(42)
cfn=(120)
calls=1 -96 
* 19
+1 2
+1 1
+4 1
+1 1
+1 1
-20 3
+19 1
+1 1
-20 3
-1 8
+47 1
-4 2
+4 2
-3 1
+7 1
-7 2
+7 1
fi=(28)
56 1
cfi=(27)
cfn=(76)
calls=1 -20 
* 30
* 1
fe=(37)
194 2
+8 1
fi=(40)
43 1
fe=(37)
201 1
80 1
fi=(40)
-35 1
fe=(37)
+35 1
202 1
fi=(40)
77 1
+1 1
fe=(37)
202 3
fi=(40)
79 1
fe=(37)
-2 2
cfi=(39)
cfn=(112)
calls=1 -26 
* 22
* 2
fi=(40)
-34 1
+2 1
fe=(37)
+35 2
fi=(40)
-37 1
+34 2
+1 2
+1 3
fe=(37)
+1 4
+7 2
-7 8
cfi=(29)
cfn=(124)
calls=2 197 
* 26
+4 2
+2 2
+2 2
-2 4
-9 4
cfi=(39)
cfn=(112)
calls=2 -26 
* 130
* 2
cfi=(39)
cfn=(112)
calls=1 -26 
* 126
* 6
213 2
-5 1
+1 1
-1 1
+5 1
+3 9

fl=(38)
fn=(108)
29 1
fi=(18) ./elf/../sysdeps/x86/get-isa-level.h
+2 1
fe=(38)
+7 1
fi=(18)
-8 4
fe=(38)
+22 1
fi=(18)
-20 3
+4 1
fe=(38)
+2 1
fi=(18)
-2 2
+3 4
+1 4
+5 1
fe=(38)
-7 1
fi=(18)
+7 3
fe=(38)
-2 1
fi=(18)
+5 2
+3 5
+2 4
+1 2
+1 2
+3 1
fe=(38)
-10 1
fi=(18)
+10 3
fe=(38)

fl=(16) ./elf/../sysdeps/x86/cpu-features.c
fn=(42) update_active.constprop.0
87 8
+4 1
+19 1
+9 1
+9 1
-28 1
-1 1
+25 1
-23 1
-1 1
-1 1
+19 1
+9 1
-28 1
+25 1
-23 1
+17 1
-18 1
+18 1
-9 1
+18 1
-3 1
+7 1
-22 1
+18 1
+4 2
-22 1
+22 1
-13 1
+6 1
+3 1
+4 1
+1 1
+5 1
+7 1
-8 1
-4 1
+7 1
-2 2
+1 1
-2 1
+3 1
-3 1
+2 2
+5 1
+2 1
-2 2
-7 1
+7 2
+1 1
+1 1
-1 2
+1 1
-1 1
+3 2
+1 4
+14 2
+4 2
+1 2
-1 4
+1 2
+2 3
+91 1
-1 2
+17 4
+16 2
+5 1
-1 2
+4 4
+4 2
fi=(18)
31 1
fe=(16)
425 2
+4 3
fi=(19) ./elf/../sysdeps/unix/sysv/linux/x86/dl-hwcap2.h
25 2
fi=(18)
+5 1
-2 1
+2 3
fe=(16)
438 1
+1 8
308 4
+1 2
+5 1
-1 1
+9 1
-5 1
+2 1
-2 1
+5 1
fi=(18)
32 3
+4 3
fe=(16)
173 4
+3 1
+3 2
+14 1
+2 1
+10 3
-12 1
+12 1
-12 1
+2 2
-2 1
+2 2
+6 3
+2 1
-2 1
+2 3
+7 5
fi=(18)
39 2
+1 4
-2 1
+7 4
+2 1
+1 2
+3 5
+2 4
+1 2
+1 2
+3 1
-1 1
+1 3
fe=(16)
186 1
-5 2
+4 1

fn=(36) init_cpu_features.constprop.0
751 1
+17 1
-17 7
+3 1
+1 1
+1 1
+3 1
+9 2
+3 6
+6 6
cfn=(38) get_common_indices.constprop.0
calls=1 467 
* 74
445 3
+1 2
+1 6
+5 2
782 1
cfn=(42)
calls=1 87 
* 216
fi=(20) ./elf/../sysdeps/x86/dl-cacheinfo.h
988 1
fe=(16)
784 1
+2 1
1111 1
fi=(20)
988 1
-49 1
fe=(16)
784 2
954 2
+7 2
+2 2
+4 2
+6 2
fi=(20)
-34 2
fe=(16)
775 1
fi=(20)
939 5
fe=(16)
772 1
1097 3
+1 2
+3 2
+1 2
+6 1
+1 1
+1 1
+1 1
fi=(20)
792 1
+1 1
+1 1
+14 2
+85 1
+5 1
+11 1
-10 1
+5 1
+5 1
-16 1
+1 1
+15 1
-10 1
+4 1
-9 1
+1 1
+5 1
-5 1
+1 1
+5 1
-5 1
+1 1
+5 1
-5 1
+6 1
+37 2
-17 3
+8 2
+29 6
+9 2
+20 3
+5 2
-1 1
+3 1
-1 2
+15 4
cfi=(11)
cfn=(28)
calls=1 438 
* 23
* 1
+2 2
+3 4
cfi=(11)
cfn=(28)
calls=1 438 
* 23
* 1
+2 2
+3 4
cfi=(11)
cfn=(28)
calls=1 438 
* 23
* 1
+1 5
+26 2
-22 4
cfi=(11)
cfn=(28)
calls=1 438 
* 23
* 1
+1 5
+24 2
-20 4
cfi=(11)
cfn=(28)
calls=1 438 
* 23
* 1
+7 1
-5 1
+5 1
-5 2
+5 2
cfi=(11)
cfn=(28)
calls=1 438 
* 23
* 1
+2 1
-2 1
+2 1
+6 12
cfi=(11)
cfn=(58) __GI___tunable_set_val
calls=1 162 
* 56
+1 10
cfi=(11)
cfn=(58)
calls=1 162 
* 56
+1 11
cfi=(11)
cfn=(58)
calls=1 162 
* 56
+3 9
cfi=(11)
cfn=(58)
calls=1 162 
* 56
+3 9
+14 1
-14 2
cfi=(11)
cfn=(58)
calls=1 162 
* 56
+2 10
cfi=(11)
cfn=(58)
calls=1 162 
* 56
+8 1
fe=(16)
+52 2
fi=(20)
-49 1
+1 1
fe=(16)
+48 1
fi=(20)
-52 1
+1 1
+4 1
-2 1
-2 1
+1 1
+3 1
-3 1
+4 1
fe=(16)
+46 1
cfi=(11)
cfn=(28)
calls=1 438 
* 22
+3 4
cfi=(11)
cfn=(28)
calls=1 438 
* 24
+6 1
+4 1
-4 2
+54 1
-1 1
+1 1
+45 4
cfi=(11)
cfn=(28)
calls=1 438 
* 22
+2 4
cfi=(11)
cfn=(28)
calls=1 438 
* 22
+4 4
+3 6
+3 1
+35 3
-32 1
+32 1
cfi=(11)
cfn=(28)
calls=1 438 
* 24
+7 8
fi=(20)
975 3
+3 2
+25 3
fe=(16)
1137 1
+1 1
-1 1
+1 2
+44 3
+27 2
-10 2
+1 2
+2 3
+1 2
+2 3
+1 2
fi=(20)
997 2
810 4
cfn=(50) handle_intel.constprop.0
calls=1 255 
* 463
+1 1
-1 1
+1 1
cfn=(50)
calls=1 255 
* 532
+4 1
-4 2
+1 1
+3 1
cfn=(50)
calls=1 255 
* 482
+2 1
-2 1
+2 1
cfn=(50)
calls=1 255 
* 474
+3 1
-3 1
+1 2
+2 1
cfn=(50)
calls=1 255 
* 454
+2 1
-2 1
+2 1
cfn=(50)
calls=1 255 
* 455
+2 1
-2 1
+2 1
cfn=(50)
calls=1 255 
* 507
+2 1
-2 1
+2 1
cfn=(50)
calls=1 255 
* 498
+2 1
-2 1
+2 1
cfn=(50)
calls=1 255 
* 499
+3 1
-3 1
+3 1
cfn=(50)
calls=1 255 
* 523
+2 1
-2 1
+2 1
cfn=(50)
calls=1 255 
* 524
+2 1
-2 1
+2 1
cfn=(50)
calls=1 255 
* 525
+2 4
-2 1
+2 2
cfn=(56) get_common_cache_info.constprop.0
calls=1 571 
* 224
+93 1
-6 3
+6 1
-6 2
+6 2
-6 2
+6 3
-1 2
fe=(16)
453 6
+5 2
+1 7
786 8
+4 7
fi=(20)
906 1
fe=(16)
+40 1
-78 1
-25 3
+99 2
+3 3
-95 2
+58 2

fn=(38)
467 3
+4 4
+3 3
+5 2
-5 1
+5 1
-5 1
+4 1
+1 1
+1 4
+1 4
+1 3
+1 2
+7 2
+2 5
+5 1
-5 1
+5 1
-5 1
+5 1
-5 2
+5 1
+7 1
-7 4
+7 1
+1 3
+6 1
-6 4
+6 1
fi=(17) ./elf/../sysdeps/unix/sysv/linux/x86/dl-minsigstacksize.h
24 2
+3 2
+1 2
+37 3
+7 1
+2 1
fe=(16)
526 3

fl=(44)
fn=(130) _dl_debug_initialize
56 3
+3 2
+4 1
+22 1
+10 1
-32 2
+1 1
+21 2
+5 2
+1 1
+4 1
-4 1
-1 1
+2 1
+3 1
+4 2
+8 2
-50 1
+4 2
+35 6

fn=(186)
38 3
+3 3
-1 6
+4 6
+4 3

fn=(136) _dl_debug_state
116 2
+1 2

fl=(14) ./elf/../sysdeps/unix/sysv/linux/brk.c
fn=(30) brk
36 1
fi=(248) ./elf/../sysdeps/unix/sysv/linux/brk_call.h
-12 2
fe=(14)
+13 1
+1 2
+6 1
+1 1

fl=(39)
fn=(112)
51 110
-25 33
+36 5
-7 5
+7 35
-26 24
+5 27
cfi=(41)
cfn=(116)
calls=9 -9 
* 216
* 9
+1 18
+3 6
+11 12
+1 18
+1 12
-2 6
+1 9
+1 6
-28 24
+4 60
+1 12
-1 30
+24 6
+9 12
-5 6
-2 6
+2 42
-19 6
cfi=(22)
cfn=(60)
calls=3 +14 
* 51
* 6

fn=(118)
25 5
+1 3
+21 1
-20 1
+20 3

fl=(75) ./elf/./elf/dl-lookup.c
fn=(260) check_match
70 1560
+3 620
+13 102
-13 102
+13 102
-13 102
+13 306
+3 372
cfi=(32)
cfn=(92)
calls=42 +9 
* 2240
* 84
+4 102
+1 204
+2 200
+19 200
+1 800
+2 2
+44 101
-1 101
+1 707
-18 4
+2 4
+1 2
-1 4
+1 6
-1 4
-68 1
+84 24
-45 297
cfi=(32)
cfn=(92)
calls=99 -19 
* 2584
* 198
-44 8
+5 4

fn=(258) do_lookup_x
347 972
+1 108
-1 432
+6 108
-6 108
+7 108
+11 108
+47 216
-47 108
fi=(77) ./elf/../sysdeps/generic/dl-protected.h
29 108
fe=(75)
412 216
fi=(77)
29 108
fe=(75)
412 324
-26 704
+4 704
+6 1056
+8 352
-4 352
+1 352
+3 1408
+1 704
+3 352
-3 352
+4 704
+7 352
-3 704
-2 352
+5 1056
+3 2464
+99 753
358 704
+3 704
+4 704
521 14
fi=(4) ./elf/../sysdeps/generic/ldsodefs.h
139 202
+1 303
fe=(75)
476 202
fi=(77)
29 202
fe=(75)
483 784
+16 202
+1 101
+1 101
+21 864
-99 309
-1 206
+2 206
+2 103
+6 412
-6 103
+6 721
+7 405
-10 1180
+2 104
+1 312
-1 104
+1 208
-1 104
+1 104
+1 104
-1 104
+1 104
-1 728
cfn=(260)
calls=104 70 
* 11147
+4 312
+3 6
+48 18
-17 4
-22 16
+5 909

fn=(254) _dl_lookup_symbol_x
772 648
+2 108
-2 324
+2 108
-2 432
fi=(76) ./elf/../sysdeps/generic/dl-new-hash.h
74 108
+3 216
-8 108
+1 216
+10 108
+1 216
-1 698
+1 1396
+20 761
-2 761
+6 761
-3 1522
+2 761
-30 761
+3 1522
fe=(75)
774 108
+4 108
-4 108
+8 414
+9 99
-7 99
+1 99
+6 198
-6 99
+6 414
-15 108
+15 108
-15 864
+15 35
+1 1620
cfn=(258)
calls=108 347 
* 38865
* 540
+28 108
-28 324
+28 108
-23 216
-5 101
+29 687
+35 909
+14 303
+3 202
-57 216
+76 972
fi=(76)
87 45
+1 45
+1 90
+1 45
fe=(75)
791 9
-6 9
+6 18
-6 9
+6 18
-7 18
+37 8
+50 2
-72 42
+18 21
+63 28

fl=(41)
fn=(116)
32 14
+1 14
+1 14
+1 14
+1 14
+1 14
+1 14
+1 14
+1 14
+1 14
+1 14
+1 14
+1 14
+1 14
+1 14
+1 14
+1 14
+1 14
+1 12
+4 12
+1 12
+1 12
+1 12
+2 12
+4 2
+1 2
+1 2
+1 2
+1 2
+1 2
+1 2
+1 2
+1 2
+1 2
+1 2
+1 2
+1 2
+1 2
+1 2
+1 2
+1 2
+1 2
+1 2
+1 2
+1 2
+1 2
+1 2
+1 2
+52 2
+4 2
+1 2
+1 2
+1 2
+2 2

fl=(70) ./elf/./elf/dl-version.c
fn=(222) _dl_check_all_versions
392 7
+4 5
-2 3
+4 24
cfn=(224) _dl_check_map_versions
calls=4 155 
* 3900
-2 4
+1 4
-1 8
+5 7

fn=(224)
155 40
+15 12
+2 20
+2 4
+1 4
+2 8
+3 4
-16 4
+20 2
-4 2
-24 2
+28 16
+16 4
36 2
200 2
36 14
+1 5
-1 10
+2 21
cfi=(51)
cfn=(154)
calls=7 +30 
* 688
* 16
208 6
+5 2
fi=(249) ./elf/../sysdeps/generic/_itoa.h
76 6
fe=(70)
213 4
+4 4
+1 4
-1 4
+4 2
-3 2
+3 2
-3 6
-1 10
+1 10
-1 10
+4 5
-3 5
+3 5
-3 30
56 28
+8 21
+6 21
+16 7
+1 14
+2 7
+5 49
+14 126
+12 168
+4 56
-30 112
231 28
+3 21
+5 5
-24 5
110 7
+3 35
cfi=(32)
cfn=(92)
calls=7 -15 
* 264
* 21
224 21
+4 4
+15 6
+14 10
+3 4
+3 14
+3 10
+4 2
-7 8
+3 6
+4 44
-7 176
+3 134
+8 6
+6 6
fi=(28)
44 3
fe=(70)
280 6
fi=(28)
44 3
cfi=(27)
cfn=(72)
calls=3 +36 
* 123
fe=(70)
281 6
-2 3
fi=(28)
44 3
fe=(70)
281 3
+13 3
-3 3
+3 12
+2 6
+3 10
+4 6
+7 7
+1 7
-1 21
+1 7
+1 7
-2 7
+2 14
+1 21
+3 21
+5 5
-15 5
+2 5
-2 5
+2 5
-2 5
+2 10
-2 2
+2 2
-2 2
+2 2
-2 2
+2 4
+16 6
+10 4
+3 4
+4 46
+6 46
+1 46
+1 46
-1 138
+1 46
-1 46
+1 46
+1 46
+3 138
+4 46
-14 96
+10 6
+12 4
+1 4
+1 4
+1 2
+19 36
164 2
-8 2
257 5
+77 2
-40 2
-20 3
+96 4
+2 4
+4 2
-4 120
+1 60
+2 1
+1 2
-1 1
+1 1
cfi=(32)
cfn=(226)
calls=1 98 
* 32
* 2

fl=(20)
fn=(52) intel_check_word.constprop.0
123 48
-4 72
+10 24
-10 120
+10 48
-10 24
+10 48
+2 48
+71 48
fi=(21) ./elf/../bits/stdlib-bsearch.h
32 24
fe=(20)
202 120
-71 96
+2 60
+2 120
+8 120
+51 96
+22 48
fi=(21)
28 48
-1 96
+2 216
+2 168
+1 84
fe=(20)
+78 168
+3 324
fi=(21)
-78 264
-6 528
+2 480
+1 240
fe=(20)
+78 480
+15 12
246 144
fi=(21)
37 120
fe=(20)
155 36
+3 36
+9 12
-12 12
+12 12
+1 24
+1 24
+1 24
-18 39
+12 18
+23 21
-32 63
+3 63
+4 58
+2 116
+3 58
+1 50
+1 38
+1 24
+2 11
+2 22
+6 14
+3 8
+1 12
-20 15
+12 4
+2 4
+1 4
-2 4
-1 4
+2 8
-2 4
+3 4
-2 12
+2 12
+11 2
-9 12

fn=(50)
255 24
-5 12
+17 12
-17 96
+11 12
+1 12
+5 36
+4 24
+34 96
-29 12
+3 24
-3 12
+3 36
cfn=(52)
calls=12 123 
* 4092
+2 24
+3 60
cfn=(52)
calls=12 123 
* 1328
+2 24

fn=(56)
571 10
+47 1
-29 1
-3 1
+32 1
-17 2
-11 1
+28 2
+4 2
-9 1
-17 1
+31 1
-29 4
+32 2
-32 3
770 4
+1 5
+4 2
+7 1
+1 1
+1 1
+1 7
598 4
+75 4
+8 1
+2 1
-2 5
+2 2
-2 1
-4 3
+26 1
-16 1
+16 3
-16 3
+2 1
+2 2
-4 3
+2 1
+2 6
+2 4
+15 2
-21 2
+24 2
+7 1
+2 2
-16 1
+22 1
-6 2
+1 2
-36 4
+46 4
+2 1
-1 1
+1 2
+1 1
+25 3
-63 2
+5 1
+2 2
+1 1
+1 1
-2 2
+1 1
+1 1
-75 7
+7 2
-7 9
+7 6
+3 26
+14 2
+4 1
+3 1
+1 1
-4 2
+3 3
+6 4
-37 11
+15 2
+4 1
+1 1
-1 2
+1 1

fl=(13)
fn=(216) dfs_traversal.part.0
135 72
+10 8
-2 8
+2 16
+2 20
-7 20
+7 40
+9 16
+15 24
+1 8
+1 48
-17 12

fn=(214)
298 24
+8 2
-8 2
+8 4
+4 16
-99 2
-28 2
-2 2
+1 2
+29 2
-28 8
+1 2
-1 2
+1 2
-1 4
+1 6
-1 6
+1 6
-1 12
+28 28
+5 2
+3 6
-3 2
+3 4
-8 2
+7 2
+1 8
+2 18
+2 8
-83 40
cfn=(216)
calls=8 -5 
* 292
+86 24
+18 8
+19 6
cfi=(29)
cfn=(80)
calls=2 -53 
* 22
+13 8
+7 2
+27 2

fn=(26) _dl_sort_maps_init
289 2
+1 2
-1 2
+1 2
cfi=(11)
cfn=(28)
calls=1 438 
* 24
+2 3
-1 1
+2 2

fl=(68)
fn=(210)
30 26
+4 2
+1 4
+10 4
+18 2
-17 2
+17 10

fl=(145) ./elf/./elf/dl-call-libc-early-init.c
fn=(452) _dl_call_libc_early_init
27 1
+2 2
-2 1
+6 3
-6 3
+6 1
-6 2
+6 1
cfi=(144)
cfn=(448)
calls=1 +41 
* 177
+4 2
+2 3
+2 1
-1 1
-1 1
+2 2
-1 1
cob=(2)
cfi=(146) ./elf/./elf/libc_early_init.c
cfn=(454) __libc_early_init
calls=1 -7 
* 350

fl=(63) ./io/../sysdeps/unix/sysv/linux/access.c
fn=(190) access
25 1
+2 7
+4 1

fl=(27)
fn=(72)
80 8
+4 8
-4 32
+7 8
+1 24
fi=(28)
-32 8
cfi=(27)
cfn=(76)
calls=8 -20 
* 347
fe=(27)

fn=(76)
36 168
+1 63
+11 60
+3 20
-3 20
+3 40
-3 2
+3 1
-3 1
+3 78
+19 21
+1 21
+2 126
-17 8
+1 4
+2 2
+1 14
cfi=(57)
cfn=(172)
calls=2 -13 
* 52
* 2
+2 4
+2 8
cfi=(58)
cfn=(174)
calls=2 -31 
* 56
+1 6
+2 2
+4 2
-4 4
-24 1
-1 1
+1 1
+1 2
-2 2

fl=(22)
fn=(60)
57 12
+44 12
+1 12
+1 12
+1 12
+1 12
+1 12
+1 12
+2 12
+2 12
+31 12
+1 12
+1 12
+1 12
+1 12
+1 6
+2 6
+4 6
+1 6
+1 6
+1 6
+1 6
+1 6
+1 6
+1 6
+1 6
+1 6
+1 6
+1 6
+5 48

fl=(143) ./elf/../sysdeps/nptl/dl-mutex.c
fn=(446) __rtld_mutex_init
30 2
+10 3
-10 3
+10 1
-10 1
+10 1
-10 1
+7 1
+3 2
cfi=(144)
cfn=(448)
calls=1 +34 
* 211
+4 2
+1 8
+2 3
-2 1
+2 3
cfi=(144)
cfn=(448)
calls=1 +27 
* 194
+4 2
+1 7
+1 6

fl=(62)
fn=(184)
25 3
+1 12
+1 3

fl=(23) ./elf/../misc/sbrk.c
fn=(62) sbrk
37 4
+3 1
-3 2
+21 2
+4 2
+16 5

fl=(11)
fn=(28)
438 37
+3 74
-3 37
+3 296
+9 34
-9 68
+19 22
+7 222
+2 37
-19 15
+1 15
+9 6

fn=(22) __GI___tunables_init
294 1
+6 3
-6 1
+10 2
-10 7
+10 2
-10 1
+10 28
+2 1
43 330
+6 65
-3 65
+3 5780
+4 130
+4 130
fi=(12) ./elf/./elf/dl-tunables.h
160 65
fe=(11)
57 130
fi=(12)
161 146
-1 113
+1 211
fe=(11)
319 390
+1 195
+2 195
-3 3120
+1 1560
+2 1560
-5 1820
fi=(12)
160 622
+1 2488
-1 185
fe=(11)
340 5
+3 27
+3 27
+9 8

fn=(58)
162 18
-89 6
+89 6
-89 42
+89 18
-89 12
+21 6
+1 6
-1 18
+1 24
fi=(12)
+47 12
fe=(11)
-44 12
+3 6
fi=(12)
+50 6
fe=(11)
-50 6
+4 12
-22 6
+29 12
+1 12
+3 6
+50 6
-50 24
+1 6
+1 6
+1 6
+47 12
-65 30

fl=(137)
fn=(474)
117 5
+5 1

fn=(422) mprotect
117 20
+5 4

fl=(1) ???
fn=(0) 0x0000000000020940
0 2
cfi=(2)
cfn=(2) _dl_start
calls=1 517 
0 136814
0 8
cfi=(73)
cfn=(480)
calls=1 331 
0 4
0 10
cfi=(153) ./elf/./elf/dl-init.c
cfn=(484) _dl_init
calls=1 81 
0 423
0 3
cob=(5)
cfi=(160)
cfn=(512) (below main)
calls=1 0 
0 30339

fl=(7) ./elf/./elf/dl-minimal.c
fn=(12) __rtld_malloc_init_stubs
42 1
+1 2
+1 2
+1 2
+1 2
+1 1

fn=(442) lookup_malloc_symbol
61 8
+3 4
-3 12
+3 4
-3 12
+3 4
-3 4
+2 4
+1 16
cfi=(75)
cfn=(254)
calls=4 772 
* 2007
+4 28
+1 28
+2 4
fi=(142) ./elf/./dl-sym-post.h
-30 8
+12 12
fe=(7)
+19 24

fn=(438) __rtld_malloc_init_real
76 2
+10 1
fi=(141) ./elf/../sysdeps/generic/dl-hash.h
-41 1
-1 1
fe=(7)
+32 8
+11 1
-1 1
fi=(141)
-43 7
+5 3
+14 4
-17 3
+3 15
+14 20
-17 15
fe=(7)
+46 2
fi=(141)
-24 1
fe=(7)
+22 1
+2 2
fi=(141)
-19 1
fe=(7)
+19 1
cfn=(442)
calls=1 -30 
* 537
+1 3
-1 1
+1 1
cfn=(442)
calls=1 -31 
* 526
+1 3
-1 1
+1 1
cfn=(442)
calls=1 -32 
* 570
+1 3
-1 1
+1 1
cfn=(442)
calls=1 -33 
* 546
+5 1
+1 1
+1 1
+1 1
+1 8

fl=(52)
fn=(158)
40 12
+1 2
cfi=(22)
cfn=(60)
calls=2 +16 
* 70
* 2
fi=(250) ./string/../include/rtld-malloc.h
+15 4
cfi=(27)
cfn=(76)
calls=2 -20 
* 60
fe=(52)
-12 4
+3 6
+1 6
-1 2
cfi=(29)
cfn=(80)
calls=2 210 
* 30

fl=(47)
fn=(470) _dl_audit_activity_nsid
41 3
+4 12
+1 3
+1 15

fn=(532)
118 1
+1 4

fn=(138) _dl_audit_activity_map
29 2
+2 1
-2 5
+1 1
+1 2
+6 6

fn=(188)
77 2
+1 8

fn=(910) _dl_audit_objclose
97 4
+1 16

fl=(67)
fn=(206)
25 4
+1 8
+1 2

fl=(239) ./elf/./elf/dl-fini.c
fn=(882) _dl_fini
26 5
+17 1
-17 6
+20 13
+3 2
cob=(2)
cfi=(187)
cfn=(630)
calls=1 +28 
* 44
+2 1
+3 2
+2 5
+7 3
-2 1
+2 1
cfi=(47)
cfn=(470)
calls=1 -22 
* 11
+5 15
+5 1
-5 1
+5 3
+2 8
+2 8
+2 8
+1 4
+1 4
+4 4
-12 12
+14 6
+1 4
+6 6
cfi=(13)
cfn=(214)
calls=1 298 
* 315
+9 2
cob=(2)
cfi=(188)
cfn=(632)
calls=1 367 
* 37
+5 8
+2 1
+2 2
-2 3
+2 6
+2 16
cfi=(240)
cfn=(884)
calls=4 -90 
* 328
+3 8
cfi=(47)
cfn=(910)
calls=4 -20 
* 20
-9 8
+14 4
-14 12
+18 3
cfi=(47)
cfn=(470)
calls=1 -85 
* 11
* 2
+6 4
+2 1
-2 2
+6 2
+7 8
-77 2

fl=(74) ./elf/./elf/dl-reloc.c
fn=(246) _dl_relocate_object
207 55
+1 10
+12 4
+1 4
+3 8
-3 4
-1 4
+6 4
-5 4
+5 4
+3 4
-1 4
+1 8
+22 20
+4 4
+7 8
fi=(6) ./elf/../sysdeps/x86_64/dl-machine.h
78 4
fi=(4)
+1 4
fe=(74)
301 8
fi=(4)
79 8
fe=(74)
301 8195
fi=(4)
79 1
fe=(74)
301 1
fi=(4)
79 2
fe=(74)
301 182
fi=(5) ./elf/./elf/do-rel.h
49 4
+4 4
+27 4
-32 4
+1 12
+4 32
+27 8
fe=(74)
301 4
fi=(5)
49 4
+4 4
+27 4
-32 4
+1 12
+4 32
+27 8
fe=(74)
301 24
fi=(6)
725 20
+4 6
fe=(74)
304 20
+24 4
+3 8
+17 12
+2 40
-98 8
+3 4
+7 8
-9 4
+48 1887
fi=(5)
114 24
+9 16
+1 2
fi=(6)
493 2
fi=(5)
124 2
fi=(6)
493 4
fi=(5)
124 6
fi=(6)
493 6
fi=(5)
124 6
fi=(6)
493 12
+5 16
+1 8
fi=(5)
123 8
fi=(6)
499 8
-5 8
fi=(5)
123 16
+3 24
+3 24
+2 21
fe=(74)
+59 6
fi=(5)
73 3
fe=(74)
190 3
fi=(5)
72 3
fe=(74)
190 27
fi=(5)
-57 6
+1 3
+1 3
-2 3
+2 3
+3 3
-5 3
+2 3
-2 3
+1 6
+2 3
-2 3
+2 9
+2 6
-5 328
+1 164
+1 164
-2 164
+2 164
+3 164
-5 164
+2 164
-2 164
+1 328
+2 164
-2 164
+2 492
+2 328
+9 120
fi=(6)
262 240
+7 240
+4 240
fe=(74)
170 480
fi=(4)
-30 315
fe=(74)
+31 210
+3 210
+8 196
-8 876
+12 194
-3 97
+1 97
+2 390
-3 1
+1 1
+2 102
+1 98
-1 98
+2 294
+1 98
-1 196
-1 6
+3 18
cfi=(75)
cfn=(254)
calls=3 772 
* 1339
-3 95
+3 570
cfi=(75)
cfn=(254)
calls=95 772 
* 53634
+3 98
+1 196
-4 98
+4 490
fi=(6)
+88 417
+3 102
-3 321
+3 117
-3 117
+5 236
+25 720
418 24
fi=(5)
150 24
fi=(6)
418 192
fi=(5)
150 320
-19 677
+33 12
+1 67
+1 192
+3 94
+4 47
-2 47
+1 47
-3 47
+2 47
+2 47
-2 94
fe=(74)
-1 188
fi=(6)
282 47
+3 47
+1 94
471 94
+2 47
cfi=(15) ./elf/../sysdeps/x86/dl-get-cpu-features.c
cfn=(450) __x86_cpu_features
calls=1 76 
* 6
cob=(2)
cfi=(136) ./string/../sysdeps/x86_64/multiarch/strncase.c
cfn=(418) strncasecmp
calls=1 31 
* 21
cob=(2)
cfi=(135) ./string/../sysdeps/x86_64/multiarch/mempcpy.c
cfn=(414) mempcpy
calls=1 33 
* 22
cob=(2)
cfi=(134) ./wcsmbs/../sysdeps/x86_64/multiarch/wcpcpy.c
cfn=(410) wcpncpy
calls=1 31 
* 18
cob=(2)
cfi=(133) ./string/../sysdeps/x86_64/multiarch/strspn.c
cfn=(408) strspn
calls=1 29 
* 7
cob=(2)
cfi=(131) ./string/../sysdeps/x86_64/multiarch/memchr.c
cfn=(404) memchr
calls=1 29 
* 23
cob=(2)
cfi=(130) ./string/../sysdeps/x86_64/multiarch/memmove.c
cfn=(400) memmove
calls=1 29 
* 22
cob=(2)
cfi=(129) ./string/../sysdeps/x86_64/multiarch/stpcpy.c
cfn=(396) stpcpy
calls=1 33 
* 17
cob=(2)
cfi=(128) ./debug/../sysdeps/x86_64/multiarch/memmove_chk.c
cfn=(392) __memmove_chk
calls=1 29 
* 22
cob=(2)
cfi=(126) ./wcsmbs/../sysdeps/x86_64/multiarch/wmemcmp.c
cfn=(388) wmemcmp
calls=1 29 
* 24
cob=(2)
cfi=(125) ./string/../sysdeps/x86_64/multiarch/strncpy.c
cfn=(384) strncpy
calls=1 29 
* 19
cob=(2)
cfi=(124) ./string/../sysdeps/x86_64/multiarch/strlen.c
cfn=(380) strlen
calls=1 29 
* 25
cob=(2)
cfi=(97) ./wcsmbs/../sysdeps/x86_64/multiarch/wcscat.c
cfn=(376) wcscat
calls=1 31 
* 18
cob=(2)
cfi=(123) ./string/../sysdeps/x86_64/multiarch/strcasecmp_l.c
cfn=(372) strcasecmp_l
calls=1 31 
* 21
cob=(2)
cfi=(122) ./string/../sysdeps/x86_64/multiarch/strcpy.c
cfn=(368) strcpy
calls=1 29 
* 17
cob=(2)
cfi=(120) ./wcsmbs/../sysdeps/x86_64/multiarch/wmemset.c
cfn=(364) wmemset
calls=2 31 
* 20
cob=(2)
cfi=(118) ./string/../sysdeps/x86_64/multiarch/memcmp.c
cfn=(360) bcmp
calls=1 29 
* 24
cob=(2)
cfi=(117) ./string/../sysdeps/x86_64/multiarch/strchrnul.c
cfn=(356) strchrnul
calls=1 31 
* 25
cob=(2)
cfi=(116) ./string/../sysdeps/x86_64/multiarch/strncase_l.c
cfn=(352) strncasecmp_l
calls=1 31 
* 21
cob=(2)
cfi=(114) ./string/../sysdeps/x86_64/multiarch/strcat.c
cfn=(348) strcat
calls=1 29 
* 17
cob=(2)
cfi=(113) ./wcsmbs/../sysdeps/x86_64/multiarch/wcscpy.c
cfn=(346) wcscpy
calls=1 60 
* 16
cob=(2)
cfi=(112) ./string/../sysdeps/x86_64/multiarch/strcspn.c
cfn=(344) strcspn
calls=1 29 
* 7
cob=(2)
cfi=(110) ./string/../sysdeps/x86_64/multiarch/strcasecmp.c
cfn=(340) strcasecmp
calls=1 31 
* 21
cob=(2)
cfi=(109) ./string/../sysdeps/x86_64/multiarch/strncmp.c
cfn=(338) strncmp
calls=1 67 
* 21
cob=(2)
cfi=(107) ./wcsmbs/../sysdeps/x86_64/multiarch/wmemchr.c
cfn=(334) wmemchr
calls=2 31 
* 46
cob=(2)
cfi=(105) ./string/../sysdeps/x86_64/multiarch/stpncpy.c
cfn=(330) stpncpy
calls=1 31 
* 19
cob=(2)
cfi=(104) ./wcsmbs/../sysdeps/x86_64/multiarch/wcscmp.c
cfn=(326) wcscmp
calls=1 30 
* 25
cob=(2)
cfi=(103) ./string/../sysdeps/x86_64/multiarch/strrchr.c
cfn=(322) rindex
calls=1 28 
* 25
cob=(2)
cfi=(101) ./debug/../sysdeps/x86_64/multiarch/memset_chk.c
cfn=(318) __memset_chk
calls=1 29 
* 24
cob=(2)
cfi=(100) ./string/../sysdeps/x86_64/multiarch/strchr.c
cfn=(316) index
calls=1 65 
* 19
cob=(2)
cfi=(97)
cfn=(310) wcschr
calls=2 31 
* 50
cob=(2)
cfi=(95) ./string/../sysdeps/x86_64/multiarch/memcmpeq.c
cfn=(306) memcpy@@GLIBC_2.14
calls=1 29 
* 22
cob=(2)
cfi=(93) ./wcsmbs/../sysdeps/x86_64/multiarch/wcsncpy.c
cfn=(302) wcsncpy
calls=1 31 
* 18
cob=(2)
cfi=(92) ./string/../sysdeps/x86_64/multiarch/memrchr.c
cfn=(298) memrchr
calls=1 29 
* 25
cob=(2)
cfi=(91) ./debug/../sysdeps/x86_64/multiarch/memcpy_chk.c
cfn=(294) __memcpy_chk
calls=1 29 
* 22
cob=(2)
cfi=(89) ./debug/../sysdeps/x86_64/multiarch/mempcpy_chk.c
cfn=(290) __mempcpy_chk
calls=1 29 
* 22
cob=(2)
cfi=(88) ./wcsmbs/../sysdeps/x86_64/multiarch/wcslen.c
cfn=(286) wcslen
calls=1 29 
* 19
cob=(2)
cfi=(86) ./string/../sysdeps/x86_64/multiarch/memset.c
cfn=(282) memset
calls=1 29 
* 24
cob=(2)
cfi=(84) ./wcsmbs/../sysdeps/x86_64/multiarch/wcsnlen.c
cfn=(278) wcsnlen
calls=1 30 
* 19
cob=(2)
cfi=(83) ./string/../sysdeps/x86_64/multiarch/strcmp.c
cfn=(276) strcmp
calls=1 79 
* 19
cob=(2)
cfi=(82) ./string/../sysdeps/x86_64/multiarch/strpbrk.c
cfn=(274) strpbrk
calls=1 29 
* 7
cob=(2)
cfi=(80) ./string/../sysdeps/x86_64/multiarch/strnlen.c
cfn=(270) strnlen
calls=2 31 
* 50
cob=(2)
cfi=(78) ./string/../sysdeps/x86/cacheinfo.c
cfn=(266) __x86_cacheinfo
calls=1 86 
* 30
fi=(5)
165 47
fi=(6)
474 47
fi=(5)
165 96
fe=(74)
301 10
fi=(5)
51 4
fi=(4)
+28 8
fi=(5)
+72 87
fi=(6)
395 48
+2 64
+4 16
+9 16
-9 32
+9 16
fi=(5)
150 32
fi=(6)
315 29
+3 29
-36 75
fi=(5)
141 47
+1 47
-1 141
+2 47
fi=(6)
282 235
fe=(74)
175 63
+3 7
-1 7
+19 7
-18 14
fi=(6)
290 2
+1 3
+11 2
+7 1
cob=(2)
cfi=(138)
cfn=(426) gettimeofday
calls=1 42 
* 7
* 4
fe=(74)
+47 20
+3 4
-3 4
+3 4
+4 8
+1 16
cfi=(137)
cfn=(422)
calls=4 117 
* 24
* 8
-63 6
fi=(5)
180 7
fe=(74)
+10 2
fi=(5)
73 1
fe=(74)
190 3
fi=(6)
431 7
fi=(5)
182 2
+1 2
-1 1
+3 1
-3 4
+3 2
-3 10
+1 10
-1 5
+3 5
-3 20
+3 10
+8 6
fi=(6)
+69 12
+7 12
+4 12
fe=(74)
170 24
fi=(4)
-30 18
fe=(74)
+31 12
+3 12
+8 12
-8 54
+12 12
-3 6
+1 6
+2 36
+4 24
-4 6
+4 18
cfi=(75)
cfn=(254)
calls=6 772 
* 2994
+3 6
+1 12
-4 6
+4 30
fi=(6)
+88 20
+3 2
-3 6
+3 2
-3 2
+5 4
+25 36
418 6
fi=(5)
196 18
-16 29
+31 2
fe=(74)
-33 7
-3 21

fl=(29)
fn=(80)
210 14
+1 14
+6 14
+1 14
+2 10
+1 10
+1 10
+2 7
+1 7
+1 7
+2 7
+80 4
+1 4
+2 1
+4 1
+1 1
+1 1
+1 1
+1 1
+4 1
+2 1
+39 3
+1 3
+1 3
+1 3
+1 3
+7 3
+1 3
+1 3
+1 3
+1 3
+1 3
+1 3
+11 3
+1 3
+2 3
+1 3
+1 3

fn=(124)
197 14
+1 14
+1 14
+1 14
+17 14
+1 14
+2 12
+1 12
+1 12
+2 11
+1 11
+1 11
+2 11
+80 2
+1 2
+55 2
+1 2
+1 2
+1 2
+1 2
+7 1
+1 1
+1 1
+1 1
+1 1
+1 1
+1 1
+11 1
+1 1
+2 1
+1 1
+1 1

fl=(15)
fn=(450)
76 1
-37 3
+37 2

fn=(34) _dl_x86_init_cpu_features
37 1
+2 3
+2 1
cfi=(16)
cfn=(36)
calls=1 751 
* 7490

fl=(2)
fn=(220)
674 2
+2 1
-2 4
+2 3
cfi=(70)
cfn=(222)
calls=1 392 
* 3962
* 2
+4 3

fn=(64) dl_main
1348 2
197 1
1348 11
199 1
302 1
+1 1
197 1
+99 3
1360 1
cfi=(24)
cfn=(66)
calls=1 51 
* 17
2764 3
2541 1
2764 2
2612 1
+2 2
+15 2
-13 2
cfi=(25)
cfn=(68)
calls=1 28 
* 429
* 2
cfi=(25)
cfn=(68)
calls=1 28 
* 6
* 6
+4 3
-2 1
+2 3
+1 1
-1 3
+1 6
-1 32
+9 6
2741 3
1376 1
+1 2
-1 2
+1 2
2654 2
+10 2
1640 9
cfi=(26)
cfn=(70)
calls=1 59 
* 210
* 1
+2 3
+1 1
+6 1
-5 1
+5 1
-5 1
+1 3
+4 1
cfi=(26)
cfn=(82)
calls=1 31 
* 42
+1 2
1117 1
+1 1
1353 1
1145 1
-21 2
+21 2
-19 1
+1 1
-3 1
+21 2
+57 1
-57 1
-25 1
+22 1
+4 1
+19 1
+37 2
-37 1
+37 2
-56 102
+56 4
-1 4
+1 8
-1 4
+2 8
+1 1
+2 12
+1 14
+4 8
+1 8
+1 4
+4 12
-72 24
1255 2
+1 22
+6 4
cfi=(30)
cfn=(86)
calls=1 857 
* 89
-7 26
+1 13
+6 13
-6 26
fi=(31)
149 4
fe=(2)
1150 1
-5 1
+5 2
-5 2
+30 1
-9 2
+2 1
-3 1
+10 2
-30 1
+48 1
-48 2
+10 2
-10 1
+10 1
+1 9
-11 2
+1 14
1249 1
1145 1
1249 2
1145 3
1245 1
1145 1
1245 1
1145 2
1268 4
+3 3
+2 3
1675 3
+2 2
-1 1
+1 1
+1 3
-2 2
cfi=(32)
cfn=(92)
calls=1 98 
* 25
* 2
+7 1
+3 1
-5 1
+3 1
+2 1
+1 2
+4 2
+2 2
fi=(3) ./elf/./get-dynamic-info.h
39 4
+4 1
+2 1
+9 1
+1 1
-10 2
+23 26
-23 104
+4 52
+3 6
-1 12
+3 24
+1 20
+17 4
+43 2
+7 3
+1 4
+6 3
+18 4
+5 2
+2 2
+2 2
+2 2
+1 2
+3 4
+2 3
+1 2
+9 2
+6 2
+1 3
+3 3
fe=(2)
1701 4
+7 2
cfi=(8)
cfn=(14)
calls=1 25 
* 27
+3 2
fi=(33) ./elf/./setup-vdso.h
24 2
fi=(36) ./elf/./dl-main.h
+85 2
fi=(35) ./elf/../sysdeps/unix/sysv/linux/dl-vdso-setup.h
-64 1
fi=(36)
+64 3
cfi=(30)
cfn=(104)
calls=1 695 
* 1541
fe=(2)
1736 3
cfi=(44)
cfn=(130)
calls=1 56 
* 34
+7 1
-5 1
-2 1
+7 1
+4 1
+1 1
+2 1
-3 3
+1 2
+3 1
+11 1
-13 1
+13 1
+1 2
+5 1
-3 2
+2 1
+1 2
+5 3
+1 5
-1 2
224 1
+1 1
-1 1
+1 3
+1 2
1791 2
+5 1
-1 1
1354 1
1796 1
+24 1
cfi=(45)
cfn=(132)
calls=1 217 
* 6
* 1
fi=(46) ./elf/../sysdeps/generic/dl-debug.h
29 4
+1 1
fe=(2)
1826 1
+1 1
cfi=(44)
cfn=(136)
calls=1 116 
* 2
+1 1
+4 3
cfi=(47)
cfn=(138)
calls=1 29 
* 17
+5 3
+2 1
+2 2
+9 2
+16 4
cfi=(63)
cfn=(190)
calls=1 25 
* 9
* 2
+76 4
+16 3
85 1
1968 1
85 2
1968 1
85 1
1968 5
85 1
1968 2
cfi=(64)
cfn=(192)
calls=1 143 
* 6599
92 1
+9 1
1974 1
92 2
+9 2
1974 2
+1 6
-1 4
+1 6
-1 12
+4 3
+1 2
+1 1
+2 14
+1 6
+13 1
-9 2
+8 3
+1 2
+2 1
+4 1
-2 2
-2 1
+4 1
+1 1
-1 2
+14 2
+1 2
+1 3
-25 1
+36 2
+2 1
-2 1
+2 2
-2 1
+1 2
+1 1
-1 2
+1 1
cfi=(49)
cfn=(218)
calls=1 190 
* 3999
+10 1
+1 1
-1 1
+1 1
+3 2
839 1
fi=(251) ./elf/../sysdeps/unix/sysv/linux/dl-osinfo.h
39 2
fe=(2)
841 1
fi=(251)
52 1
fe=(2)
850 1
+7 1
-5 1
2050 3
2249 2
+4 1
-4 1
+10 1
-6 1
+6 1
+3 2
+8 2
fi=(31)
36 2
+1 3
+3 3
+13 6
-13 3
+9 6
-9 1
+9 16
+4 12
-16 12
+34 1
fe=(2)
2282 1
fi=(31)
71 1
cfi=(73)
cfn=(244)
calls=1 361 
* 59
fe=(2)
2285 1
-3 2
+5 1
-2 2
+2 2
+1 6
cfi=(74)
cfn=(246)
calls=1 207 
* 70045
85 2
2295 1
85 2
2295 1
+1 17
+2 8
+5 8
+2 8
+6 4
+2 8
+1 24
cfi=(74)
cfn=(246)
calls=3 207 
* 15582
+4 10
+1 2
-23 1
+23 1
cfi=(45)
cfn=(424)
calls=1 1128 
* 34
-23 3
92 3
+1 1
2328 1
93 1
2328 1
+4 4
+2 1
+7 4
cfi=(45)
cfn=(428)
calls=1 563 
* 158
+3 2
+4 3
+2 2
+33 3
cfi=(145)
cfn=(452)
calls=1 27 
* 552
+7 1
cfi=(9) ./elf/../sysdeps/unix/sysv/linux/dl-sysdep.c
cfn=(468) _dl_sysdep_start_cleanup
calls=1 148 
* 2
+3 3
cfi=(47)
cfn=(470)
calls=1 41 
* 11
+4 2
cfi=(44)
cfn=(186)
calls=1 38 
* 7
+1 1
-1 1
+2 1
cfi=(44)
cfn=(136)
calls=1 116 
* 2
+1 1
+4 1
cfi=(65)
cfn=(472)
calls=1 509 
* 19
+5 8
2307 1
+1 1
-3 2
226 2
-2 1
+1 1
1776 1
+6 1
-6 2
+6 1
fi=(3)
56 5
+3 4
fi=(34) ./elf/../sysdeps/unix/sysv/linux/dl-vdso.h
-19 2
+1 5
fi=(35)
-11 1
+3 1
+3 1
+3 1
fi=(34)
+16 2
fi=(3)
+17 3
+12 3
+1 5
+1 5
+1 5
+1 4
+1 5
+1 5
+1 5
+12 2
+7 1
-7 7
+7 2
fe=(2)
1746 4
2360 1
cfi=(139)
cfn=(430)
calls=1 562 
* 585
+5 3
cfi=(7)
cfn=(438)
calls=1 76 
* 2296
+3 1
cfi=(143)
cfn=(446)
calls=1 30 
* 452
85 1
2374 1
+1 3
85 3
2375 2
cfi=(74)
cfn=(246)
calls=1 207 
* 302
92 3
+9 3
2043 2
cfn=(228) init_tls
calls=1 734 
* 860
* 2
fi=(3)
62 4
+2 4
fe=(2)
2664 2
+2 2
+1 1
1946 10
85 1
1845 2
85 3
1845 2
cfn=(140) handle_preload_list
calls=1 871 
* 3111
* 1
92 3
+9 3
1946 6
+1 1
-1 1
+4 3
+1 1
+1 2
+1 2
-7 2

fn=(2)
517 16
85 1
547 4
85 1
543 1
fi=(6)
55 1
fe=(2)
+30 1
546 1
85 1
fi=(3)
-40 1
fe=(2)
546 1
fi=(3)
45 2
+23 18
-23 72
+4 36
+3 5
-1 10
+3 20
+1 16
+1 5
fi=(4)
+23 1
fi=(3)
+31 1
-38 3
+12 4
+1 3
+1 4
+1 4
+1 5
+1 3
+1 4
+1 4
+12 7
+7 2
-51 4
+64 3
+6 3
+1 3
+3 2
+1 3
+5 5
+3 5
fe=(2)
563 139
fi=(4)
79 1
fe=(2)
563 1
fi=(4)
79 2
fe=(2)
563 27
fi=(6)
282 2
fe=(2)
563 1
fi=(5)
49 1
+4 1
-5 1
+1 3
+4 7
+3 2
fe=(2)
563 1
fi=(5)
49 1
+4 1
-5 1
+1 3
+4 7
+3 2
+7 1
+2 1
-2 2
fi=(6)
273 1
fi=(5)
64 2
fi=(6)
273 2
+9 8
+3 2
+1 2
+26 4
fi=(5)
61 7
fe=(2)
563 6
fi=(5)
51 1
fi=(4)
+28 2
fi=(3)
-17 4
+2 4
fe=(2)
563 39
+2 1
+13 1
cfi=(7)
cfn=(12)
calls=1 42 
* 10
458 2
85 1
476 2
85 3
476 1
cfi=(8)
cfn=(14)
calls=1 25 
* 27
+2 1
+16 2
-17 1
+11 1
-10 1
+16 1
cfi=(9)
cfn=(16) _dl_sysdep_start
calls=1 103 
* 136166
* 1
+2 2
+89 9
fi=(3)
103 3
fe=(2)

fn=(150)
641 2
+2 1
-2 4
+2 1
+1 2
-1 2
+1 3
cfi=(30)
cfn=(152)
calls=1 1922 
* 2641
* 1
+2 3

fn=(228)
734 1
+6 1
-6 3
+2 2
+4 2
+11 1
fi=(28)
44 1
fe=(2)
746 1
+4 1
fi=(28)
44 1
cfi=(27)
cfn=(72)
calls=1 +36 
* 41
fe=(2)
761 1
-12 1
+6 1
-9 1
+11 1
+4 1
+2 3
-1 3
+3 8
+4 1
+2 1
-2 2
-5 1
-1 2
+10 3
+3 2
cfi=(45)
cfn=(230)
calls=1 122 
* 86
+3 1
cfi=(45)
cfn=(232)
calls=1 241 
* 79
+7 1
cfi=(45)
cfn=(234)
calls=1 442 
* 471
* 1
+1 2
+4 1
cfi=(45)
cfn=(236)
calls=1 1090 
* 23
+4 1
fi=(71) ./elf/../sysdeps/generic/dl-call_tls_init_tp.h
31 2
fe=(2)
795 1
fi=(71)
31 6
+2 1
cfi=(24)
cfn=(240)
calls=1 +33 
* 81
fe=(2)
802 1
-3 1
+3 4
-38 3
-1 7

fn=(140)
871 11
+5 1
-5 2
+5 2
-4 3
+17 1
183 1
891 2
183 2
893 2
-14 3
cfi=(48)
cfn=(142)
calls=1 32 
* 269
* 1
+1 3
+2 4
cfi=(29)
cfn=(80)
calls=1 210 
* 19
+1 2
-70 1
+5 1
-6 1
-4 1
+10 2
-6 1
+4 1
+2 2
-5 1
+1 1
+4 1
cfi=(49)
cfn=(144)
calls=1 258 
* 2752
+1 3
+8 3
+67 1
-18 2
+21 9

fl=(9)
fn=(468)
148 1
+1 1

fn=(18) _dl_sysdep_parse_arguments
79 1
+2 1
-2 8
+1 1
+1 1
-1 1
+2 2
+2 1
-2 1
+2 1
-1 65
+1 130
+7 56
fi=(10) ./elf/../sysdeps/unix/sysv/linux/dl-parse_auxv.h
-50 1
fe=(9)
+46 1
fi=(10)
-55 1
fe=(9)
+55 1
fi=(10)
-55 1
+1 1
+1 1
+7 3
+1 44
+1 22
-2 22
+2 22
-2 67
fe=(9)
+53 1
+1 1
+1 1
fi=(10)
-50 1
+1 2
+1 1
+1 1
+1 1
+1 1
+1 1
+1 1
+1 1
+2 1
-7 1
+1 1
+1 1
-4 1
+1 1
+4 1
+1 1
+3 1
-11 1
+1 1
+8 1
fe=(9)
+41 1
-1 1
+2 1
+1 8

fn=(16)
103 5
+4 1
-4 1
+1 1
+3 1
cfn=(18)
calls=1 -28 
* 492
+4 2
cfi=(11)
cfn=(22)
calls=1 294 
* 19413
+3 1
cfi=(13)
cfn=(26)
calls=1 289 
* 38
+2 2
cfi=(14)
cfn=(30)
calls=1 -80 
* 8
fi=(6)
+93 1
cfi=(15)
cfn=(34)
calls=1 37 
* 7495
fe=(9)
-86 3
+1 1
cfi=(22)
cfn=(60)
calls=1 -67 
* 17
* 1
+2 2
cfi=(23)
cfn=(62)
calls=1 -89 
* 16
* 3
+12 3
+3 5
cfi=(2)
cfn=(64)
calls=1 1348 
* 108650
+3 4

fl=(26)
fn=(70)
59 45
+3 6
+18 4
+3 2
cfi=(22)
cfn=(60)
calls=2 -26 
* 52
+4 2
-4 2
+4 2
+5 2
-9 6
fi=(28)
-39 4
cfi=(27)
cfn=(72)
calls=2 +36 
* 183
fe=(26)
+39 1
fi=(28)
-39 2
cfi=(27)
cfn=(72)
calls=1 +36 
* 47
* 3
fe=(26)
+51 6
+5 3
+4 3
-6 3
+2 3
+4 3
-5 3
+4 3
+1 3
-1 3
+1 6
cfi=(29)
cfn=(80)
calls=3 210 
* 44
* 3
+15 3
-15 3
+2 3
+13 6
+6 1
+2 7
+3 2
-3 14
+3 4
+2 3
+4 3
+3 10
+2 12
-2 8
+2 8
-2 16
+16 6
-5 3
+5 3
-6 3
+6 3
-6 3
+6 6
+2 4
+3 4
-3 4
+7 8
+4 6
+8 1
+13 1
-10 2
+10 5
-10 4
+10 6
+2 2
cfi=(22)
cfn=(60)
calls=2 57 
* 70
+21 2
-21 6
+17 2
-13 6
+50 6
cfi=(29)
cfn=(124)
calls=2 -48 
* 34
* 2
+5 4
+1 4
-1 80
+1 80
+4 4
+1 2
+3 2
+4 27
131 6
-8 2
-4 4
+34 1
+7 4
+8 8
fi=(28)
56 4
cfi=(27)
cfn=(76)
calls=2 -20 
* 60
* 2
fe=(26)
200 4
-1 4
64 2
+2 3
+1 2
+4 6
+6 2

fn=(82)
31 12
+2 3
-2 6
+2 3
-2 9
+2 3
cfi=(24)
cfn=(84)
calls=3 +9 
* 9
+2 26
+3 20
+2 2
+2 2
+4 2
+4 2
-4 4
+1 4
+1 4
+3 10
-1 2
cfi=(24)
cfn=(84)
calls=2 -8 
* 6
-4 1
+4 1
-4 2
+1 2
+1 2
+3 5
-1 1
cfi=(24)
cfn=(84)
calls=1 -8 
* 3
-5 2

fl=(57)
fn=(172)
47 12
+3 24
-3 72
+6 24
+5 72
+2 48
-7 29

fl=(153)
fn=(486) call_init.part.0
26 48
+17 4
+3 4
-3 8
+3 8
+5 6
+8 9
+1 6
cob=(3)
cfi=(151)
cfn=(488)
calls=1 -60 
* 7
+3 3
+1 6
+6 4
+2 4
-2 2
+3 14
+1 8
cob=(2)
cfi=(159) ./libio/./libio/stdfiles.c
cfn=(508) _IO_stdfiles_init
calls=1 -10 
* 22
cob=(2)
cfi=(158) ./libio/./libio/vtables.c
cfn=(506) check_stdfiles_vtables
calls=1 545 
* 12
* 8
cob=(2)
cfi=(155) ./csu/./csu/init-first.c
cfn=(498) _init_first
calls=1 -28 
* 72
cob=(4)
cfi=(154)
cfn=(492) 0x0000000000001110
calls=1 -74 
* 12
-1 12
+3 32
-29 2

fn=(484)
81 13
+1 1
+1 1
+3 3
+8 2
+25 1
+1 8
+1 8
-92 8
+6 12
+2 17
+83 6
cfn=(486)
calls=3 -94 
* 236
* 6
+7 8
-98 2
+60 2
-54 3
+2 7
cfn=(486)
calls=1 -11 
* 77
* 2

ob=(2)
fl=(138)
fn=(710)
33 31303
+1 62606
+2 125212
+1 31303

fn=(426)
42 1
fi=(252) ./time/../sysdeps/unix/sysv/linux/dl-vdso.h
-2 2
+1 2
fe=(138)
+1 2

fl=(162) ./stdlib/./stdlib/cxa_atexit.c
fn=(516) __cxa_atexit
67 7
-26 2
+2 8
+1 2
cfn=(518) __new_exitfn
calls=1 +36 
* 33
+2 2
+8 1
-2 1
+3 1
+1 1
-4 2
+1 1
+4 4
+1 1
+11 6

fn=(518)
80 1
+6 2
-6 4
+11 2
-10 1
+10 4
+2 4
-2 1
+10 1
-10 3
+45 1
+5 3
-4 1
+4 2
-18 1
-1 1
+12 1

fl=(212) ./stdio-common/./stdio-common/Xprintf_buffer_done.c
fn=(694) __printf_buffer_done
25 417
+1 1251
+5 834
+2 4587
+7 417

fl=(222) ./io/../sysdeps/unix/sysv/linux/fstat64.c
fn=(752) fstat
30 1
+9 4
+33 1

fl=(125)
fn=(384)
29 1
fi=(106) ./string/../sysdeps/x86_64/multiarch/ifunc-strncpy.h
+6 5
+1 3
+3 2
+4 3
+3 4
fe=(125)
-17 1

fl=(217) ./stdio-common/./stdio-common/printf_buffer_to_file.c
fn=(730) __printf_buffer_to_file_init
108 408
+1 408
fi=(211) ./stdio-common/../include/printf_buffer.h
+18 408
fe=(217)
-18 408
fi=(211)
+28 408
-9 408
+9 408
-13 408
fe=(217)
-13 408
fi=(211)
+13 408
fe=(217)
-12 408
cfn=(732) __printf_buffer_to_file_switch
calls=408 -83 
* 5304

fn=(732)
29 816
+1 4080
+10 816
+1 816
+3 3264
+1 816

fn=(740) __printf_buffer_to_file_done
117 408
+1 1224
-1 408
-64 408
+64 2448
-66 1632
+2 1224
+69 408
-1 408
+1 1632
-1 408
cfi=(212)
cfn=(694)
calls=408 -96 
* 7344
-56 816
cfn=(732)
calls=408 -36 
* 5304
+1 408
-8 408
+1 408
fi=(253) ./stdio-common/../libio/libioP.h
1025 408
fe=(217)
58 408
+1 408
-1 408
fi=(253)
1025 816
+1 816
fe=(217)
59 816
cfi=(220) ./libio/./libio/fileops.c
cfn=(742) _IO_file_xsputn@@GLIBC_2.2.5
calls=408 1198 
* 117994
* 816

fl=(234) ./resolv/./resolv/resolv_context.c
fn=(830) __resolv_context_freeres
242 81
+2 18
+1 9
+1 18
+6 72

fl=(112)
fn=(344)
29 1
fi=(254) ./string/../sysdeps/x86_64/multiarch/ifunc-sse4_2.h
+7 5
fe=(112)
-7 1

fl=(131)
fn=(404)
29 1
fi=(132) ./string/../sysdeps/x86_64/multiarch/ifunc-evex.h
+9 3
-1 4
+2 3
+6 2
-3 2
+9 3
+3 4
fe=(131)
-25 1

fl=(216) ./nptl/./nptl/libc-cleanup.c
fn=(728) __libc_cleanup_push_defer
24 410
+1 410
+2 820
+2 820
+3 820
+14 1230
+2 410
+1 410

fn=(782) __libc_cleanup_pop_restore
54 410
+1 410
+2 820
+2 410
+1 1230
+11 410

fl=(236) ./dlfcn/./dlfcn/libc_dlerror_result.c
fn=(838) __libc_dlerror_result_free
29 45
+1 36
+9 27

fl=(84)
fn=(278)
30 1
fi=(85) ./wcsmbs/../sysdeps/x86_64/multiarch/ifunc-wcslen.h
+11 2
-1 4
+2 3
+3 2
+4 3
+3 3
fe=(84)
-22 1

fl=(95)
fn=(306)
29 1
fi=(96) ./string/../sysdeps/x86_64/multiarch/ifunc-memmove.h
+28 3
-1 2
+4 3
+14 2
+3 2
+8 2
+8 2
+3 5
fe=(95)

fl=(233) ./resolv/./resolv/res-close.c
fn=(828) __res_thread_freeres
131 63
+1 9
cfi=(234)
cfn=(830)
calls=9 242 
* 198
+2 45
+8 54

fl=(123)
fn=(372)
31 1
fi=(111) ./string/../sysdeps/x86_64/multiarch/ifunc-strcasecmp.h
+6 2
-1 4
fe=(123)
-5 2
fi=(111)
+7 3
+3 2
+4 3
+3 4
fe=(123)

fl=(93)
fn=(302)
31 1
fi=(94) ./wcsmbs/../sysdeps/x86_64/multiarch/ifunc-wcs.h
+9 3
-1 4
+2 3
+3 2
+4 4
fe=(93)
-17 1

fl=(135)
fn=(414)
33 1
fi=(96)
+24 3
-1 2
+4 3
+14 2
+3 2
+8 2
+8 2
+3 5
fe=(135)

fl=(182) ./misc/../sysdeps/unix/sysv/linux/getpagesize.c
fn=(612) getpagesize
27 18
+1 72
+2 18

fl=(110)
fn=(340)
31 1
fi=(111)
+6 2
-1 4
fe=(110)
-5 2
fi=(111)
+7 3
+3 2
+4 3
+3 4
fe=(110)

fl=(126)
fn=(388)
29 1
fi=(127) ./wcsmbs/../sysdeps/x86_64/multiarch/ifunc-memcmp.h
+5 5
+1 2
+1 2
+1 3
+3 2
+4 3
+3 4
fe=(126)
-18 2

fl=(134)
fn=(410)
31 1
fi=(94)
+9 3
-1 4
+2 3
+3 2
+4 4
fi=(255) ./wcsmbs/../sysdeps/x86_64/multiarch/wcpncpy.c
-17 1
fe=(134)

fl=(193) ./misc/../sysdeps/unix/sysv/linux/x86_64/clone3.S
fn=(644) __clone3
42 1
+2 1
+1 1
+1 1
+1 1
+1 1
+4 1
+3 1
+5 1
+2 1
+1 1
+23 5

fl=(241)
fn=(894)
45 4
+3 4
-3 16
+3 10
+3 8
+4 14
-4 6
+57 8
+4 12
-4 6
+12 4
cfi=(242) ./posix/./posix/register-atfork.c
cfn=(896) __unregister_atfork
calls=2 -38 
* 40
+1 8
+1 16

fl=(157)
fn=(504)
53 1
+1 1
+1 1
+2 1
+1 1
+4 1
+1 1
+1 1
+3 1
+2 1
+1 1
+1 1
+1 1
+3 1
+1 1
+2 1
+1 1
+1 1
+1 1
+1 1
+9 2

fl=(197)
fn=(656)
23 9
+1 36
cfi=(198) ./nptl/./nptl/pthread_join_common.c
cfn=(658) __pthread_clockjoin_ex
calls=9 +15 
* 3225

fl=(181) ./nptl/./nptl/allocatestack.c
fn=(670) name_stack_maps
587 108
+2 18
+4 18
-4 72
+4 18
+2 36
+5 9
+1 9
-2 9
+2 18
-1 9
+3 27
cfi=(203) ./stdio-common/./stdio-common/snprintf.c
cfn=(672) snprintf
calls=9 26 
* 4860
* 36
cfi=(213) ./misc/../sysdeps/unix/sysv/linux/setvmaname.c
cfn=(696) __set_vma_name
calls=9 33 
* 227
+2 81
-2 27
-7 27
+9 9
-9 27
+9 36
-9 9
cfi=(213)
cfn=(696)
calls=9 33 
* 189

fl=(208)
fn=(686)
255 1650
+1 1650
+6 1650
+1 1650
+42 1650
+1 1650
+2 1473
+1 1473
+2 825
+4 825
+1 816
+1 816
+1 816
+1 816
+4 816
+2 816
+6 9
+1 9
+1 9
+1 9
+1 9
+7 177
+1 177
+1 177
+1 177
+2 177
+17 648
+1 648
+1 648
+1 648
+1 648

fn=(786)
242 407
+1 407
+1 407
+1 407
+17 407
+1 407
+2 167
+1 167
+1 167
+3 167
+1 167
+1 167
+3 334
+30 240
+1 240
+36 240
+1 240
+1 240
+1 240
+2 240

fl=(88)
fn=(286)
29 1
fi=(85)
+12 2
-1 4
+2 3
+3 2
+4 3
+3 3
fe=(88)
-23 1

fl=(235) ./string/../sysdeps/unix/sysv/linux/tls-internal.c
fn=(832) __glibc_tls_internal_free
24 45
+1 9
+1 18
cob=(3)
cfi=(151)
cfn=(834)
calls=9 -26 
* 54
+1 9
+1 18
-1 9
cob=(3)
cfi=(151)
cfn=(834)
calls=9 -27 
* 54

fl=(189) ./nptl/./nptl/nptl-stack.c
fn=(866) __nptl_free_stacks
58 50
+7 30
+5 15
-41 5
fi=(256) ./nptl/../include/list.h
+26 15
+1 5
fe=(189)
+23 5
-3 5
-7 5
+7 5
-39 5
+39 5
+3 5
cob=(3)
cfi=(151)
cfn=(868)
calls=5 -79 
* 1395
+4 15
cfi=(185) ./misc/../sysdeps/unix/syscall-template.S
cfn=(764) munmap
calls=5 +34 
* 30
* 10
+4 10
+4 40

fn=(634) __nptl_stack_list_add
43 9
+1 36
fi=(256)
-1 45
+2 9
+2 9
fe=(189)
+5 9
+1 9

fn=(852) __nptl_deallocate_stack
112 18
+1 18
-1 36
+1 27
+4 9
-88 9
fi=(256)
+26 27
+1 9
fe=(189)
+67 9
-86 9
+86 9
-79 27
fi=(256)
-1 9
+1 18
-1 9
+2 9
+2 9
fe=(189)
+58 9
-1 9
-52 9
+52 18
+1 18
+24 36
+1 36
-23 5
cfn=(866)
calls=5 -49 
* 1655
* 5

fl=(213)
fn=(696)
33 133
+2 95
+14 174
-9 4
cob=(3)
cfi=(151)
cfn=(464)
calls=1 -40 
* 26
* 3
+7 1
+1 1

fl=(128)
fn=(392)
29 1
fi=(90) ./debug/../sysdeps/x86_64/multiarch/ifunc-memmove.h
+28 3
-1 2
+4 3
+14 2
+3 2
+8 2
+8 2
+3 5
fe=(128)

fl=(185)
fn=(764)
117 35
+5 7

fn=(618) mprotect
117 50
+5 10

fn=(846) madvise
117 45
+5 9

fl=(116)
fn=(352)
31 1
fi=(111)
+6 2
-1 4
fe=(116)
-5 2
fi=(111)
+7 3
+3 2
+4 3
+3 4
fe=(116)

fl=(152) ./nptl/../sysdeps/unix/sysv/linux/x86/elision-conf.c
fn=(466) __lll_elision_init
92 2
+4 1
-4 3
+4 6
cob=(3)
cfi=(151)
cfn=(464)
calls=1 -96 
* 26
+2 4
cob=(3)
cfi=(151)
cfn=(464)
calls=1 -98 
* 26
+2 4
cob=(3)
cfi=(151)
cfn=(464)
calls=1 0 
* 26
+2 4
cob=(3)
cfi=(151)
cfn=(464)
calls=1 0 
* 26
+2 4
cob=(3)
cfi=(151)
cfn=(464)
calls=1 0 
* 26
+3 3
+1 1
+1 6

fl=(237) ./nptl/./nptl/nptl_free_tcb.c
fn=(850) __nptl_free_tcb
25 9
+2 18
-2 45
+6 27
+11 9
+2 18
-2 9
cfi=(189)
cfn=(852)
calls=9 +70 
* 2061

fl=(109)
fn=(338)
67 1
-23 2
-1 4
+24 2
-22 3
+3 2
+4 3
+3 4

fl=(118)
fn=(360)
29 1
fi=(119) ./string/../sysdeps/x86_64/multiarch/ifunc-memcmp.h
+5 5
+1 2
+1 2
+1 3
+3 2
+4 3
+3 4
fe=(118)
-18 2

fl=(158)
fn=(506)
545 1
+1 4
+1 3
+1 3
+2 1

fl=(224)
fn=(790)
24 60116
+7 30058
-7 60116
+1 180348
+1 30058
-1 30058
+1 60116
-1 30058
+6 60116
cfi=(225) ./posix/../sysdeps/unix/sysv/linux/nanosleep.c
cfn=(792) nanosleep
calls=30058 -7 
* 2284408
+1 150290

fl=(82)
fn=(274)
29 1
fi=(254)
+7 5
fe=(82)
-7 1

fl=(223) ./io/../sysdeps/unix/sysv/linux/write.c
fn=(778) write
25 408
+1 816
-1 2448
+1 408
cfi=(201) ./nptl/./nptl/cancellation.c
cfn=(664) __pthread_enable_asynccancel
calls=408 +5 
* 7344
* 4488
cfi=(201)
cfn=(780) __pthread_disable_asynccancel
calls=408 +37 
* 6120
* 408
+1 816

fl=(78)
fn=(266)
86 1
fi=(79) ./string/../sysdeps/x86/cacheinfo.h
-24 1
+3 3
+2 1
+1 1
-1 2
+7 3
+2 1
+1 1
-1 2
+5 2
+3 2
+2 2
+1 2
+1 2
+2 2
fe=(78)
-4 2

fl=(163) ./csu/../sysdeps/nptl/libc_start_call_main.h
fn=(534) (below main)
29 6
+15 4
cfi=(164) ./setjmp/../sysdeps/x86_64/bsd-_setjmp.S
cfn=(536) _setjmp
calls=1 -16 
* 38
* 1
+2 2
+5 2
+1 2
+3 2
+3 6
cob=(5)
cfi=(160)
cfn=(542) main
calls=1 -58 
* 28490
+16 2
cfi=(238) ./stdlib/./stdlib/exit.c
cfn=(878) exit
calls=1 +63 
* 1602

fl=(199) ./nptl/./nptl/cleanup_compat.c
fn=(848) _pthread_cleanup_pop@@GLIBC_2.34
40 9
+3 18
+4 18
+2 9

fn=(660) _pthread_cleanup_push@@GLIBC_2.34
25 9
+3 9
+1 9
+1 18
+2 9
+1 9

fl=(198)
fn=(658)
39 108
+4 54
+5 45
+4 9
+3 9
+2 18
+1 18
+16 45
+10 18
+34 9
-4 9
+7 18
+4 18
cfi=(237)
cfn=(850)
calls=9 25 
* 2196
* 9
+5 9
+3 99
-44 54
cfi=(199)
cfn=(660)
calls=9 -64 
* 63
+5 9
+8 15
cfi=(200) ./nptl/./nptl/futex-internal.c
cfn=(662) __futex_abstimed_wait_cancelable64
calls=3 +36 
* 255
+2 12
-10 36
+17 27
cfi=(199)
cfn=(848)
calls=9 -71 
* 54
* 9

fl=(100)
fn=(316)
65 1
-22 2
+1 1
-2 4
+2 2
+3 2
+4 3
+3 3
+11 1

fl=(86)
fn=(282)
29 1
fi=(87) ./string/../sysdeps/x86_64/multiarch/ifunc-memset.h
+25 5
+3 3
+7 2
+9 2
+2 2
+10 2
+8 2
+3 5
fe=(86)

fl=(101)
fn=(318)
29 1
fi=(102) ./debug/../sysdeps/x86_64/multiarch/ifunc-memset.h
+25 5
+3 3
+7 2
+9 2
+2 2
+10 2
+8 2
+3 5
fe=(101)

fl=(129)
fn=(396)
33 1
fi=(115) ./string/../sysdeps/x86_64/multiarch/ifunc-strcpy.h
+5 2
+1 1
-1 2
+1 2
+3 2
+4 3
+3 3
fe=(129)
-16 1

fl=(147) ./ctype/./ctype/ctype-info.c
fn=(456) __ctype_init
29 10
+2 70
+2 40
+2 40
+1 10

fl=(156) ./misc/./misc/init-misc.c
fn=(500) __init_misc
30 1
+1 2
-1 4
+1 4
+2 3
cob=(3)
cfi=(151)
cfn=(502)
calls=1 -33 
* 24
+4 5
+1 3
+2 4

fl=(120)
fn=(364)
31 2
fi=(121) ./wcsmbs/../sysdeps/x86_64/multiarch/ifunc-wmemset.h
+5 10
+1 6
fe=(120)
-6 2

fl=(117)
fn=(356)
31 1
fi=(81) ./string/../sysdeps/x86_64/multiarch/ifunc-avx2.h
+9 3
-2 4
fe=(117)
-7 2
fi=(81)
+10 2
+1 3
+3 2
+4 3
+3 5
fe=(117)

fl=(179) ./nptl/./nptl/pthread_getattr_default_np.c
fn=(606) pthread_getattr_default_np@@GLIBC_2.34
24 18
+1 18
-1 36
+1 18
+1 27
cfi=(180) ./nptl/./nptl/pthread_attr_copy.c
cfn=(608) __pthread_attr_copy
calls=9 -1 
* 396
+1 36
+2 27

fl=(161) ./csu/../csu/libc-start.c
fn=(514) __libc_start_main@@GLIBC_2.34
242 13
+69 3
+1 3
cfi=(162)
cfn=(516)
calls=1 67 
* 72
+25 6
+6 2
-3 2
+10 2
cob=(3)
cfi=(151)
cfn=(530)
calls=1 0 
* 7
+2 2
+8 4
cfi=(163)
cfn=(534)
calls=1 29 
* 30157
128 2
+6 3
+1 6
cob=(3)
cfi=(151)
cfn=(520)
calls=1 0 
* 7
* 1
+3 1
+1 2
+3 2
+1 2
-1 1
+2 7
+1 4
cob=(5)
cfi=(160)
cfn=(524) 0x00000000000012a0
calls=1 0 
* 12
-1 4

fl=(80)
fn=(270)
31 2
fi=(81)
+9 6
-2 8
fe=(80)
-7 4
fi=(81)
+10 4
+1 6
+3 4
+4 6
+3 10
fe=(80)

fl=(200)
fn=(662)
138 27
-61 6
+3 6
+3 9
+1 6
-27 9
+46 24
+10 3
+28 24
-84 3
cfi=(201)
cfn=(664)
calls=3 -26 
* 54
* 36
cfi=(201)
cfn=(780)
calls=3 +6 
* 45
* 3

fl=(103)
fn=(322)
28 1
fi=(81)
+12 3
-2 4
fe=(103)
-10 2
fi=(81)
+13 2
+1 3
+3 2
+4 3
+3 5
fe=(103)

fl=(130)
fn=(400)
29 1
fi=(96)
+28 3
-1 2
+4 3
+14 2
+3 2
+8 2
+8 2
+3 5
fe=(130)

fl=(180)
fn=(608)
25 81
+4 18
-4 27
+4 45
+9 9
-9 9
+3 9
+6 18
+23 18
+1 9
-1 54
+2 99

fl=(186)
fn=(628)
198 9
+1 18
+5 9
+1 9
+1 9
+1 9
+1 9
+21 9
+1 9
+6 9
+1 9
+12 9
+3 9
+1 9
+12 9
+1 9
+13 9
+1 9
+2 9
+3 9
+3 9
+3 9
+1 9
+1 9
+1 9
+1 9
+1 9
+1 18
+3 9
+1 9
+1 9
+1 9
+3 18

fl=(192) ./misc/../sysdeps/unix/sysv/linux/clone-internal.c
fn=(642) __clone_internal
97 108
+2 18
-19 27
+2 4
cfi=(193)
cfn=(644)
calls=1 -40 
* 16
+1 4
+3 1
+20 1
-42 1
-11 1
+11 1
-2 1
-9 1
+11 2
-2 1
+2 4
cfi=(194) ./misc/../sysdeps/unix/sysv/linux/x86_64/clone.S
cfn=(646) clone
calls=1 -12 
* 19
+42 8
-42 8
-11 8
+11 8
-2 8
-9 8
+11 16
-2 8
+2 32
cfi=(194)
cfn=(646)
calls=8 -12 
* 152
+45 18
+1 72

fl=(206)
fn=(680)
53 1650
+2 1650
+1 1650
+1 1650
+1 1650
+1 1650
+3 1650
+1 1650
+4 1650
+1 1650
+1 1650
+1 1650
+1 1650
+1 1650
+1 1650
+1 1650
+13 1650
+2 3300

fl=(164)
fn=(536)
28 10
+2 10
+2 10
cfi=(165) ./setjmp/../sysdeps/x86_64/setjmp.S
cfn=(538) __sigsetjmp
calls=10 -1 
* 350

fl=(226) ./time/../sysdeps/unix/sysv/linux/clock_nanosleep.c
fn=(794) clock_nanosleep@@GLIBC_2.17
33 30058
+1 60116
+3 120232
+11 60116
-15 180348
+15 60116
cfi=(201)
cfn=(664)
calls=30058 -17 
* 541044
* 300580
cfi=(201)
cfn=(780)
calls=30058 +15 
* 450870
* 30058
+24 30058
-1 30058
+1 30058

fl=(231) ./malloc/./malloc/thread-freeres.c
fn=(824) __libc_thread_freeres
31 27
+2 9
cfi=(232) ./sunrpc/./sunrpc/rpc_thread.c
cfn=(826) __rpc_thread_destroy
calls=9 -12 
* 117
+2 9
cfi=(233)
cfn=(828)
calls=9 +96 
* 369
+1 9
cfi=(235)
cfn=(832)
calls=9 -12 
* 216
+1 9
cfi=(236)
cfn=(838)
calls=9 -8 
* 108
+5 9
-1 9
cfi=(168) ./malloc/./malloc/arena.c
cfn=(840) __malloc_arena_thread_freeres
calls=9 893 
* 839

fl=(196) ./nptl/./nptl/pthread_attr_destroy.c
fn=(650) pthread_attr_destroy
26 9
+10 27
+8 18

fl=(89)
fn=(290)
29 1
fi=(90)
+28 3
-1 2
+4 3
+14 2
+3 2
+8 2
+8 2
+3 5
fe=(89)

fl=(148) ./resource/../sysdeps/unix/sysv/linux/getrlimit64.c
fn=(458) getrlimit
38 2
+1 7
+1 1

fl=(146)
fn=(454)
33 8
+2 1
cfi=(147)
cfn=(456)
calls=1 -6 
* 17
+3 1
fi=(149) ./elf/../sysdeps/nptl/pthread_early_init.h
-5 2
fe=(146)
+5 1
+3 2
fi=(149)
-8 1
cfi=(148)
cfn=(458)
calls=1 +5 
* 10
* 3
+1 1
+4 5
+7 1
fi=(257) ./elf/../nptl/nptl-stack.h
+16 3
fi=(149)
-16 1
fi=(257)
+16 2
fi=(149)
-7 1
fi=(257)
+7 3
fi=(149)
-9 1
-6 1
+2 2
+4 4
+1 1
+3 1
cfi=(150) ./nptl/./nptl/pthread_mutex_conf.c
cfn=(462) __pthread_tunables_init
calls=1 -1 
* 103
fe=(146)
-9 3
+2 2
-2 1
cfi=(152)
cfn=(466)
calls=1 +45 
* 168

fl=(187)
fn=(630)
77 4570
+3 13710
+2 4570
+2 9140
-7 18280
+11 9140
+2 13680
-46 4560
+1 18240
+3 18240
+46 13680
+85 4570
+3 4570
+2 4570
+3 4570
-63 4570
+66 13710
-93 20
+11 40
+4 10
+3 20
-67 230
cfi=(227) ./nptl/./nptl/lowlevellock.c
cfn=(804) __lll_lock_wait
calls=115 -7 
* 2585
* 230
-4 10
+1 40
+85 30
+1 20
-83 40

fl=(104)
fn=(326)
30 1
fi=(98) ./wcsmbs/../sysdeps/x86_64/multiarch/ifunc-avx2.h
+10 3
-2 4
fe=(104)
-8 2
fi=(98)
+11 2
+1 3
+3 2
+4 3
+3 5
fe=(104)

fl=(215)
fn=(724)
28 5712
+4 408
+1 816
-1 408
+1 408
-1 816
+1 408
-1 816
+1 1224
cfi=(205) ./stdio-common/./stdio-common/vfprintf-internal.c
cfn=(726) __vfprintf_internal
calls=408 1522 
* 632553
+4 2040

fl=(122)
fn=(368)
29 1
fi=(115)
+9 2
+1 1
-1 2
+1 2
+3 2
+4 3
+3 3
fe=(122)
-20 1

fl=(190) ./libio/./libio/genops.c
fn=(932) _IO_flush_all
713 5
+5 1
-5 1
+5 1
-5 6
+5 4
cfi=(216)
cfn=(728)
calls=1 24 
* 13
+1 11
+3 3
-8 1
fi=(244) ./libio/./libio/libioP.h
1025 2
fe=(190)
735 18
+1 3
-14 9
+2 3
+1 45
+2 21
+8 18
+5 2
+1 2
cfi=(216)
cfn=(782)
calls=1 54 
* 9
+4 12
-5 7

fn=(636) _IO_enable_locks
545 1
+3 3
1077 1
550 1
+1 4
+1 1
1091 1
551 2
+1 2
1091 2
551 4
+2 1

fn=(770) _IO_setb
356 11
+1 4
+5 2
-3 1
+3 2
-2 1
+2 2
+3 6

fn=(930) _IO_cleanup
875 6
-72 1
+72 6
+1 1
cfn=(932)
calls=1 713 
* 197
-73 2
+73 1
-73 3
cfi=(216)
cfn=(728)
calls=1 24 
* 13
+1 11
+3 3
fi=(244)
1025 2
fe=(190)
825 9
+2 6
+20 3
+2 18
+1 3
-43 9
+4 3
+1 45
+8 6
+2 9
+7 4
+4 1
-2 1
+3 1
-3 1
+2 2
+5 1
fi=(244)
1025 2
+1 2
fe=(190)
838 4
cfi=(220)
cfn=(936) _IO_file_setbuf@@GLIBC_2.2.5
calls=1 382 
* 87
+2 3
+9 20
+5 2
+1 2
cfi=(216)
cfn=(782)
calls=1 54 
* 9
+33 12
-34 7

fn=(774) _IO_default_xsputn
398 1
+3 2
-3 6
+2 1
-2 3
fi=(244)
1025 1
fe=(190)
398 3
+28 101
fi=(244)
1025 66
+1 66
fe=(190)
426 132
cfi=(220)
cfn=(744) _IO_file_overflow@@GLIBC_2.2.5
calls=33 732 
* 1448
* 66
+2 33
-2 33
-20 136
+25 1
-29 1
+29 7

fn=(938) _IO_default_setbuf
479 8
fi=(244)
1025 1
fe=(190)
479 1
+1 1
-1 1
fi=(244)
1025 2
+1 2
fe=(190)
480 2
cfi=(220)
cfn=(940) _IO_file_sync@@GLIBC_2.2.5
calls=1 793 
* 21
* 2
+4 1
357 1
489 1
-7 2
359 1
493 1
364 1
-4 1
+4 1
494 1
-1 3
+2 6
-11 1
+1 2
-1 1
357 4

fn=(746) _IO_doallocbuf
370 1
+1 2
-1 7
+3 3
+1 1
fi=(244)
1025 3
+1 2
fe=(190)
374 2
cfi=(221) ./libio/./libio/filedoalloc.c
cfn=(748) _IO_file_doallocate
calls=1 78 
* 1604
* 2
+3 6

fl=(159)
fn=(508)
64 1
+3 3
-1 2
+3 1
-1 1
-1 3
+2 2
-1 2
-1 6
+3 1

fl=(205)
fn=(726)
1522 4896
+3 408
-3 1224
+3 817
+4 2040
+11 816
+11 1632
+5 2040
cfi=(217)
cfn=(730)
calls=408 108 
* 9792
+3 2040
cfn=(676) __printf_buffer
calls=408 600 
* 426840
+1 816
cfi=(217)
cfn=(740)
calls=408 117 
* 148186
+3 1224
+1 816
+3 4488
-42 814
+38 1632
-12 1632
cfi=(216)
cfn=(728)
calls=408 24 
* 5304
+1 5712
-30 408
+30 816
+12 1224
cfi=(216)
cfn=(782)
calls=408 54 
* 3672
* 408
+2 408
-3 2448

fn=(676)
600 4587
fi=(218) ./stdio-common/./stdio-common/printf-parse.h
82 417
fe=(205)
600 834
fi=(218)
82 417
fe=(205)
600 834
+27 1251
+11 417
-11 417
+11 417
-11 417
+11 834
fi=(218)
82 417
cob=(3)
cfi=(151)
cfn=(678)
calls=417 -82 
* 8757
fe=(205)
653 834
+1 417
fi=(218)
82 834
fe=(205)
654 417
-1 417
cfi=(207) ./stdio-common/./stdio-common/Xprintf_buffer_write.c
cfn=(682) __printf_buffer_write
calls=417 27 
* 8211
+2 1251
+4 834
+4 3336
-32 1251
+11 417
-8 1251
+71 4932
1044 4587
705 2466
-13 1233
+7 1233
+6 2466
-14 1233
-4 1233
+18 1233
-10 1233
+10 1233
-7 1233
-4 1233
+11 2466
-19 1233
-1 1233
+20 1233
-12 1233
-9 1233
-1 1233
+22 1233
-15 2466
888 408
+5 3672
-1 408
+1 2856
-2 816
1024 1233
fi=(218)
82 1233
fe=(205)
1018 1233
fi=(218)
82 2466
cob=(3)
cfi=(151)
cfn=(678)
calls=1233 -82 
* 25893
fe=(205)
1028 2466
+1 1233
fi=(218)
82 1233
fe=(205)
1029 1233
-1 1233
cfi=(207)
cfn=(682)
calls=1233 27 
* 38523
+3 4914
fi=(209) ./stdio-common/./stdio-common/vfprintf-process-arg.c
501 1632
cfi=(207)
cfn=(682)
calls=408 27 
* 21288
+1 408
-80 1632
+8 816
+25 1224
fe=(205)
784 1650
fi=(209)
126 1650
+1 2448
-34 408
+34 408
-35 408
+2 408
+42 1650
+19 9075
cfi=(210) ./stdio-common/./stdio-common/_itoa.c
cfn=(690) _itoa_word
calls=825 +14 
* 92973
+9 825
-3 825
-6 825
+6 825
+3 825
+6 1650
-9 825
+3 825
-3 825
+9 825
-9 2475
+36 2475
-69 834
+27 825
+15 825
-32 825
+32 825
-15 825
+15 2475
66 825
+1 825
fi=(211)
+82 408
fi=(209)
403 3672
+5 816
+14 1224
236 1650
fi=(218)
56 408
fe=(205)
883 408
fi=(209)
187 1650
-1 1650
+1 3300
+53 3300
cfi=(207)
cfn=(682)
calls=825 27 
* 44967
* 825
-45 1650
-21 825
+25 825
-4 3300
+4 2475
+2 2475
+7 4950
-78 834
+1 2502
-38 417
+38 417
-39 417
+2 834
211 825
+19 825
-19 825
fi=(211)
-48 3300
fi=(209)
435 816
cob=(3)
cfi=(151)
cfn=(736)
calls=408 0 
* 6528
* 816
fe=(205)

fl=(210)
fn=(690)
169 825
+3 3300
+2 1650
+9 85548
+9 1650

fl=(220)
fn=(750) _IO_file_stat
1147 1
+1 2
cfi=(222)
cfn=(752)
calls=1 30 
* 6

fn=(776) _IO_file_write@@GLIBC_2.2.5
1174 3264
+2 1632
-1 816
+6 408
cfi=(223)
cfn=(778)
calls=408 25 
* 23256
+1 816
+5 408
+1 408
-12 816
+4 1224
+1 816
+10 1224
+3 2448
-4 1224

fn=(742)
1198 2856
+7 408
-7 816
+6 1632
+9 816
-2 1632
+17 3
+6 407
+2 814
+2 407
-4 407
+2 407
+1 407
+1 407
-2 407
cob=(3)
cfi=(151)
cfn=(784)
calls=407 0 
* 6272
+2 407
-2 407
+4 814
+28 3672
-55 407
+4 407
-4 407
+1 814
+30 408
fi=(244)
1025 1224
+1 816
fe=(220)
1244 1224
cfn=(744)
calls=408 732 
* 75770
* 816
+6 816
+1 1632
+2 408
-2 408
+2 816
+11 816
+1 4
cfi=(190)
cfn=(774)
calls=1 398 
* 2107
+2 3
-48 1221
-2 814
-17 2
446 814
1221 407
+11 1221
444 814

fn=(744)
732 3528
+1 1764
+7 2203
+37 440
-2 880
+3 66
+3 99
+1 99
+1 132
+4 33
+1 198
-45 2
+12 2
+9 3
+5 3
+2 2
-5 1
+5 1
+1 1
-5 1
+1 1
+4 2
-7 1
+10 2
+13 408
-12 408
+1 408
+11 1632
-12 408
cfn=(772) _IO_do_write@@GLIBC_2.2.5
calls=408 424 
* 62683
+9 2
-1 1
+1 1
-1 1
cfn=(772)
calls=1 424 
* 154
* 2
-12 2
+1 2
-28 2
cfi=(190)
cfn=(746)
calls=1 370 
* 1633
+1 1
+9 1
-9 5

fn=(772)
424 409
+2 1227
+1 1
-3 1224
fi=(244)
1025 408
fe=(220)
424 3264
+10 816
+7 1632
+8 408
fi=(244)
1025 816
+1 816
fe=(220)
449 1632
cfn=(776)
calls=408 1174 
* 38760
* 408
+1 1224
+2 408
+4 816
-3 816
-1 816
+4 816
-30 816
+28 408
-28 816
+1 3264
+28 816

fn=(936)
382 6
+1 1
cfi=(190)
cfn=(938)
calls=1 +96 
* 69
* 2
+3 1
+4 2
-2 3
+3 3

fn=(940)
793 7
+5 4
+2 1
+1 2
+11 2
+4 5

fl=(221)
fn=(748)
78 7
+6 1
-6 3
+6 3
fi=(244)
1025 3
+1 2
fe=(221)
84 3
cfi=(220)
cfn=(750)
calls=1 1147 
* 9
* 2
+2 4
+11 4
+4 2
cob=(3)
cfi=(151)
cfn=(754)
calls=1 0 
* 1503
* 1
+1 2
+2 4
cfi=(190)
cfn=(770)
calls=1 356 
* 29
+1 1
+1 9
-15 1
fi=(258) ./libio/../include/sys/sysmacros.h
-44 6
fe=(221)
+44 1
-2 2
+5 2

fl=(167)
fn=(564)
3294 264
+7 66
1326 64
+19 165
3311 66
+2 132
+3 62
+10 66
+8 8
+2 3
cfn=(576) _int_malloc
calls=1 3846 
* 130
+3 2
+8 4
+4 3
fi=(168)
153 3
-98 1
+92 5
fe=(167)
3351 1
fi=(168)
147 1
+6 1
fe=(167)
3351 2
+3 198
3248 8
cfn=(574) tcache_init.part.0
calls=2 -6 
* 1762
+68 4
+1 10
+1 99
+10 128
cfn=(576)
calls=32 3846 
* 4576
+1 160
fi=(168)
153 64
264 1
cfn=(568) ptmalloc_init.part.0
calls=1 -2 
* 1153
fe=(167)
1326 2

fn=(862) _int_free_merge_chunk
4665 5
+1 1
-1 3
+5 6
+3 2
+5 3
+3 2
+1 2
+1 2
1992 3
4689 2
+25 2
+6 2
+4 1
+9 1
-1 1
+1 3
+1 2
+2 1
+2 2
+5 1
+1 1
+2 3
+1 1
-45 1
-1 2
+1 6
-1 1
cfn=(864) _int_free_maybe_consolidate
calls=1 +69 
* 24

fn=(836)
3359 131
+4 262
-4 114
+14 38
-14 114
+12 38
+4 38
-4 38
+4 76
+17 114
fi=(168)
153 114
-98 1
+92 6
+6 1
fe=(167)
3398 3
cfn=(860) _int_free
calls=1 4495 
* 136
* 111
cfn=(860)
calls=37 4495 
* 2322
+3 38
+1 321
3248 4

fn=(860)
4495 266
+4 114
+6 152
+1 76
+4 190
+8 152
-1 74
+1 74
+29 37
-20 37
-6 37
+6 74
+20 148
1792 12
4561 24
+11 44
+2 33
1992 11
4593 11
1992 22
4595 11
+1 11
+4 22
+2 11
-2 11
+2 11
+26 38
+30 228
-21 2
+3 2
+3 2
-46 11
+22 11
-22 22
+22 33
+2 44
+1 22
-6 22
3163 26
+4 26
-4 26
+2 104
+1 26
+1 26
4550 26
+94 4
+2 2
cfn=(862)
calls=1 +19 
* 86
+3 4

fn=(576)
3846 484
1326 88
+19 264
3887 88
1794 44
3914 88
+65 64
-63 128
+3 32
+2 64
+56 24
+62 5
+1 3
+20 44
-1 44
-1 44
+1 88
+1 88
-2 84
+12 220
-90 43
+2 43
-2 43
+2 86
4487 528
3930 96
4257 132
+2 3
+3 1
-3 1
+3 2
+1 44
+71 88
-4 44
+1 44
+1 44
-1 44
+1 44
+1 88
+1 132
+5 176
4083 11
3979 66
4343 132
+3 176
-3 132
+3 172
-3 129
+3 164
-3 82
4443 44
+1 88
+2 88
+3 132
+17 4
+17 176
cfn=(584) alloc_perturb
calls=44 1985 
* 176
* 88
-29 43
-2 43
+2 43
-1 43
+1 43
-3 43
+3 43
+2 43
-2 172
+2 43
+3 43
+1 43
2552 1
+12 1
-12 3
+12 1
+25 3
+1 1
-1 1
+1 1
+9 4
+9 3
2921 3
+1 1
+4 1
+4 5
+5 2
-2 1
+2 1
-3 1
+2 1
+1 1
+1 1
-1 3
+1 1
+2 1
4482 1
2553 2
2669 2
+8 2
+1 2
+13 3
+8 6
+8 2
+48 4
+40 1
-12 1
+12 2
+19 2
+3 1
+1 1
-1 1
+1 6
+2 1
+1 4
cfi=(170) ./malloc/./malloc/morecore.c
cfn=(578) __glibc_morecore
calls=1 25 
* 33
+12 3
-12 1
+12 1
2008 6
2876 1
-1 1
+1 2
+1 1
-1 2
+12 1
-11 1
+11 2
-68 1
-75 1
+1 2
+6 2
-6 2
+6 3
-43 4
cfi=(170)
cfn=(578)
calls=1 25 
* 64
+1 2
-1 1
+1 1
2008 5
2712 1
+3 2
+29 3

fn=(584)
1985 132
+2 44

fn=(574)
3242 8
+9 12
+1 3
cfn=(576)
calls=1 3846 
* 356
+1 2
+8 4
+9 2
fi=(173) ./malloc/../string/bits/string_fortified.h
59 4
fe=(167)
3270 2
fi=(173)
59 172
fe=(167)
3274 6
fi=(168)
824 1
cfn=(758) get_free_list
calls=1 703 
* 16
* 1
+1 5
cfn=(760) arena_get2.part.0
calls=1 -7 
* 1022
fe=(167)
3252 4
cfn=(576)
calls=1 3846 
* 132
+1 2
+7 2
+8 2
-7 4

fn=(864)
4770 11
+6 2
+22 11

fn=(624)
3699 18
+10 9
-10 63
+10 72
+8 18
+3 27
+2 18
+3 72
+7 9
+8 9
-7 18
+7 18
+14 27
cfn=(576)
calls=9 +92 
* 1260
+2 63
fi=(168)
153 18
fe=(167)
3769 36
+15 9
+3 36
+9 9
-12 9
+12 18
+3 45
+8 9
+2 18
+2 18
-55 27
+3 18
+78 9
fi=(173)
59 18
fe=(167)
3837 54
fi=(173)
59 9
cob=(3)
cfi=(151)
cfn=(626)
calls=9 -59 
* 342
fe=(167)

fl=(204) ./libio/./libio/vsnprintf.c
fn=(674) __vsnprintf_internal
93 45
fi=(259) ./libio/../include/printf_buffer.h
+31 9
fe=(204)
-31 9
fi=(259)
+31 9
fe=(204)
-31 54
fi=(259)
+44 9
-13 9
+13 9
-10 9
+1 9
fe=(204)
-65 18
+3 9
+30 27
cfi=(205)
cfn=(676)
calls=9 600 
* 4131
-21 27
+1 9
+11 18
cfi=(212)
cfn=(694)
calls=9 -62 
* 162
+11 54

fl=(225)
fn=(792)
24 120232
+1 60116
-1 30058
+1 30058
cfi=(226)
cfn=(794)
calls=30058 +8 
* 1923712
+1 60116
+6 60116

fl=(83)
fn=(276)
79 1
-31 2
+1 1
-2 4
+2 2
+3 2
+4 3
+3 3
+20 1

fl=(113)
fn=(346)
60 1
-17 2
-1 4
+2 3
+2 2
+4 3
+10 1

fl=(133)
fn=(408)
29 1
fi=(254)
+7 5
fe=(133)
-7 1

fl=(150)
fn=(462)
55 2
+1 2
-1 3
+1 5
cob=(3)
cfi=(151)
cfn=(464)
calls=1 -56 
* 26
+2 4
cob=(3)
cfi=(151)
cfn=(464)
calls=1 -58 
* 25
+2 4
cob=(3)
cfi=(151)
cfn=(464)
calls=1 -60 
* 26
+2 6

fl=(171) ./misc/./misc/sbrk.c
fn=(580) sbrk
37 16
+6 4
+35 7
-38 4
+18 4
+4 4
+4 4
+8 1
cfi=(172) ./misc/../sysdeps/unix/sysv/linux/brk.c
cfn=(582) brk
calls=1 -38 
* 9
* 2
+4 7
-19 2
cfi=(172)
cfn=(582)
calls=1 -23 
* 9
* 2
+4 2

fl=(188)
fn=(632)
367 4570
51 13710
+1 9140
367 13710
57 9140
+8 4570
-3 4570
-23 4570
+1 18280
+30 4570
+2 4570
369 9140
43 18628
cfi=(227)
cfn=(806) __lll_lock_wake
calls=174 +20 
* 1218
* 348
+31 20
+6 40
+4 30
+3 20

fl=(124)
fn=(380)
29 1
fi=(81)
+11 3
-2 4
fe=(124)
-9 2
fi=(81)
+12 2
+1 3
+3 2
+4 3
+3 5
fe=(124)

fl=(203)
fn=(672)
26 108
+4 9
+1 18
-1 45
+1 9
cfi=(204)
cfn=(674)
calls=9 +62 
* 4626
+4 45

fl=(242)
fn=(896)
82 4
+1 4
-1 8
+1 4
fi=(243) ./posix/../malloc/dynarray-skeleton.c
243 2
fe=(242)
71 4
+38 8
+1 6

fl=(91)
fn=(294)
29 1
fi=(90)
+28 3
-1 2
+4 3
+14 2
+3 2
+8 2
+8 2
+3 5
fe=(91)

fl=(155)
fn=(498)
46 6
+5 2
+4 5
+8 1
-2 1
+10 1
-9 1
+1 1
+9 3
-1 1
cfi=(156)
cfn=(500)
calls=1 -41 
* 50

fl=(174)
fn=(594)
53 180
+12 36
fi=(175) ./nptl/../string/bits/string_fortified.h
-6 18
fe=(174)
+6 18
+27 36
fi=(175)
-33 54
fe=(174)
+46 108
+29 36
+6 18
+9 18
+2 18
+1 162

fl=(176)
fn=(640) create_thread
236 99
+4 9
-4 27
+4 18
+4 18
+3 18
+1 18
+42 9
-3 9
+10 9
-10 9
+10 18
-10 81
+10 9
cfi=(192)
cfn=(642)
calls=9 97 
* 556
+1 18
+5 9
+6 18
+12 18
+11 9
+1 99

fn=(668) start_thread
338 99
+7 18
+22 36
+3 9
cfi=(147)
cfn=(456)
calls=9 29 
* 153
+3 27
cfi=(181)
cfn=(670)
calls=9 587 
* 5447
+4 9
fi=(214) ./nptl/../sysdeps/unix/sysv/linux/rseq-internal.h
41 18
+18 9
fe=(176)
388 45
+17 18
cfi=(164)
cfn=(536)
calls=9 28 
* 342
* 9
+14 9
-14 9
+18 9
-4 9
+4 45
+3 18
+3 18
+2 9
fi=(195) ./nptl/../sysdeps/unix/sysv/linux/internal-signals.h
89 36
fe=(176)
431 9
fi=(195)
89 9
fe=(176)
433 9
+4 9
+6 9
+1 9
-7 9
+11 9
+4 9
cfi=(229) ./stdlib/./stdlib/cxa_thread_atexit_impl.c
cfn=(820) __call_tls_dtors
calls=9 148 
* 117
+3 9
cfi=(230) ./nptl/./nptl/nptl_deallocate_tsd.c
cfn=(822) __nptl_deallocate_tsd
calls=9 23 
* 54
+3 9
cfi=(231)
cfn=(824)
calls=9 31 
* 1730
+3 27
+31 18
+2 18
fi=(191) ./nptl/../sysdeps/unix/sysv/linux/internal-sigset.h
102 9
fe=(176)
508 27
fi=(191)
102 18
fe=(176)
508 27
+7 45
+1 18
+1 36
+35 27
+1 27
fi=(181)
189 9
cfi=(182)
cfn=(612)
calls=9 27 
* 54
* 9
+2 45
+1 18
+1 18
fe=(176)
556 9
fi=(228) ./nptl/../sysdeps/nptl/futex-internal.h
146 9
fe=(176)
556 18
+17 27
+5 27
cfi=(181)
cfn=(670)
calls=9 +9 
* 432
* 9
447 9
cob=(5)
cfi=(160)
cfn=(800) manager
calls=1 0 
* 41708
cob=(5)
cfi=(160)
cfn=(700) ph_worker
calls=8 0 
* 5535240
* 9
fi=(181)
194 36
cfi=(185)
cfn=(846)
calls=9 -77 
* 54
* 9
fe=(176)

fn=(600)
626 144
+6 18
+13 36
+2 27
cfi=(179)
cfn=(606)
calls=9 24 
* 576
* 9
+1 18
+2 18
fi=(181)
219 9
cfi=(182)
cfn=(612)
calls=9 27 
* 54
fi=(183) ./nptl/./nptl-stack.h
61 9
fi=(181)
219 18
fi=(183)
61 9
fi=(181)
219 9
fi=(183)
61 63
fi=(181)
223 9
fi=(183)
61 9
fi=(181)
223 18
+5 27
+10 18
+95 36
+10 54
+4 18
fe=(176)
897 18
+1 18
cfi=(196)
cfn=(650)
calls=9 26 
* 54
+3 117
fi=(181)
347 36
+5 27
+1 9
-2 18
-22 9
66 18
329 18
66 18
+8 9
329 18
74 9
329 9
74 9
328 18
74 18
477 27
+29 45
+26 9
fe=(176)
755 9
fi=(181)
558 9
fe=(176)
674 9
fi=(181)
547 18
+11 9
+5 9
-26 9
+21 9
-11 9
-5 9
fe=(176)
689 9
fi=(181)
558 9
fe=(176)
683 9
fi=(181)
545 9
+18 9
fe=(176)
+81 9
+33 9
+12 9
-6 9
+1 9
+1 9
+4 9
-5 9
fi=(181)
547 9
fe=(176)
688 9
+2 27
+4 9
+1 9
+8 9
-8 27
+5 18
+3 9
-3 9
-11 9
+11 9
+3 18
+5 9
+1 9
-1 9
+1 9
+4 18
+5 18
fi=(260) ./nptl/../sysdeps/x86/nptl/tls-setup.h
22 18
fe=(176)
730 18
+21 18
+4 18
+2 9
+10 9
fi=(195)
81 45
fe=(176)
772 18
fi=(195)
81 18
fe=(176)
780 27
fi=(191)
34 9
fe=(176)
609 36
836 54
cfn=(640)
calls=9 236 
* 1078
fi=(195)
89 27
fe=(176)
836 9
fi=(195)
89 27
fe=(176)
843 18
+40 18
+10 18
83 2
-2 1
+2 1
fi=(261) ./nptl/../sysdeps/unix/sysv/linux/sigsetops.h
-29 1
fe=(176)
+27 1
+1 1
+1 1
cfi=(177) ./signal/../sysdeps/unix/sysv/linux/libc_sigaction.c
cfn=(602) __libc_sigaction
calls=1 -40 
* 51
+7 2
fi=(261)
+14 1
fe=(176)
-14 1
fi=(261)
+14 1
fe=(176)
-14 3
638 1
-3 1
+3 2
791 18
fi=(191)
102 9
+1 9
fi=(181)
-4 45
366 99
cfi=(184) ./misc/../sysdeps/unix/sysv/linux/mmap64.c
cfn=(616) mmap
calls=9 47 
* 234
+3 27
-3 9
+3 9
+5 36
+6 18
+5 18
+1 9
+9 18
170 9
-4 9
+4 9
-4 9
+4 9
cfi=(185)
cfn=(618)
calls=9 -53 
* 54
* 27
407 9
+4 9
+18 9
-21 9
-1 9
+9 18
+3 9
+7 9
-15 9
+18 9
cob=(3)
cfi=(151)
cfn=(620)
calls=9 0 
* 4464
* 27
fe=(176)
663 1
+89 1
cfi=(190)
cfn=(636)
calls=1 545 
* 23
* 2
fi=(181)
442 45
+3 54
cfi=(189)
cfn=(634)
calls=9 43 
* 126
+2 45
+7 27
-88 18
+88 27
fe=(176)

fl=(184)
fn=(616)
47 10
+3 20
-3 60
+6 20
+5 60
+2 40
-7 50

fl=(229)
fn=(820)
148 40
+1 10
-1 10
+1 30
+16 40

fl=(238)
fn=(878)
137 2
+1 3
-1 1
+1 1
cfn=(880) __run_exit_handlers
calls=1 38 
* 1595

fn=(880)
38 12
+2 2
+3 6
+11 1
+2 2
+8 3
+2 1
+1 1
-1 1
+3 7
+44 3
-49 3
+55 2
+1 2
+6 1
-66 1
+66 3
+2 2
+3 2
cfi=(245) ./posix/../sysdeps/unix/sysv/linux/_exit.c
cfn=(942) _Exit
calls=1 27 
* 4
-29 1
+1 1
-2 1
+3 1
+3 1
-3 2
+3 3
+1 3
cob=(1)
cfi=(239)
cfn=(882)
calls=1 -82 
* 984
+1 4
-68 1
cfi=(229)
cfn=(820)
calls=1 148 
* 13
* 1
+88 1
cfi=(190)
cfn=(930)
calls=1 875 
* 518
* 1

fl=(177)
fn=(602)
43 8
+5 2
fi=(178) ./signal/../string/bits/string_fortified.h
-19 1
fe=(177)
+21 1
+8 1
fi=(178)
-29 2
fe=(177)
+21 1
+3 1
fi=(178)
-24 2
fe=(177)
+24 1
+5 1
fi=(178)
-29 2
fe=(177)
+29 1
-5 2
fi=(178)
-24 2
fe=(177)
+24 1
fi=(178)
-24 6
fe=(177)
+29 1
fi=(178)
-29 1
fe=(177)
+29 6
+5 2
+8 6

fl=(166) ./setjmp/./setjmp/sigjmp.c
fn=(540) __sigjmp_save
28 60
+2 20
-1 10
+5 40

fl=(97)
fn=(310)
31 2
fi=(98)
+9 6
-2 8
fi=(99) ./wcsmbs/../sysdeps/x86_64/multiarch/wcschr.c
-7 4
fi=(98)
+10 4
+1 6
+3 4
+4 6
+3 10
fe=(97)

fn=(376)
31 1
fi=(94)
+9 3
-1 4
+2 3
+3 2
+4 4
fe=(97)
-17 1

fl=(105)
fn=(330)
31 1
fi=(106)
+4 5
+1 3
+3 2
+4 3
+3 4
fe=(105)
-15 1

fl=(194)
fn=(646)
52 9
+2 9
+1 9
+1 9
+3 9
+1 9
+3 9
+2 9
+4 9
+3 9
+1 9
+1 9
+1 9
+1 9
+5 9
+2 18
+1 18
+1 18
+2 9
+8 9
+3 9
+1 9
+1 9
cfi=(176)
cfn=(668)
calls=9 338 
* 5586447

fl=(227)
fn=(806)
63 174
+1 870
+1 174

fn=(804)
41 115
+1 115
-1 115
+1 230
+3 716
+3 131
fi=(228)
+98 1048
-59 115
fe=(227)

fl=(219)
fn=(738)
52 408
+13 408
+1 408
+1 408
+3 408
+2 408
+1 408
+3 408
+1 408
+8 408
+1 408
+1 408
+5 816

fl=(232)
fn=(826)
21 36
+1 9
-1 9
+1 9
+2 18
+15 36

fl=(114)
fn=(348)
29 1
fi=(115)
+9 2
+1 1
-1 2
+1 2
+3 2
+4 3
+3 3
fe=(114)
-20 1

fl=(165)
fn=(538)
31 10
+2 10
+9 10
+1 20
+1 10
+4 10
+1 10
+1 10
+1 10
+1 10
+2 20
+2 10
+1 10
+1 10
+2 20
+2 10
+5 10
+1 10
+17 10
cfi=(166)
cfn=(540)
calls=10 -57 
* 130

fl=(136)
fn=(418)
31 1
fi=(111)
+6 2
-1 4
fe=(136)
-5 2
fi=(111)
+7 3
+3 2
+4 3
+3 4
fe=(136)

fl=(245)
fn=(942)
27 2
+3 2

fl=(107)
fn=(334)
31 2
fi=(108) ./wcsmbs/../sysdeps/x86_64/multiarch/ifunc-evex.h
+7 6
-1 8
+2 6
+6 4
-3 4
+9 6
+3 8
fe=(107)
-23 2

fl=(207)
fn=(682)
27 2883
+1 8649
-1 20181
+4 9066
+2 3300
+3 1650
fi=(262) ./stdio-common/../string/bits/string_fortified.h
-7 1650
fe=(207)
+8 3300
fi=(262)
-8 1650
fe=(207)
+12 1650
fi=(262)
-12 1650
cob=(3)
cfi=(151)
cfn=(684)
calls=1650 -29 
* 26862
fe=(207)
+11 4950
-9 3300
+2 4950
+11 17298

fl=(170)
fn=(578)
25 2
+1 4
-1 4
+4 2
cfi=(171)
cfn=(580)
calls=2 +8 
* 77
+1 4
+4 4

fl=(92)
fn=(298)
29 1
fi=(81)
+11 3
-2 4
fe=(92)
-9 2
fi=(81)
+12 2
+1 3
+3 2
+4 3
+3 5
fe=(92)

fl=(201)
fn=(780)
63 30469
+3 91407
+5 91407
+3 30469
+2 30469
-2 30469
+2 60938
+7 91407

fn=(664)
31 30469
+1 30469
+1 60938
+4 60938
+2 60938
+3 121876
fi=(202) ./nptl/../nptl/descr.h
439 60938
fe=(201)
45 60938
+11 60938

fl=(172)
fn=(582)
36 2
fi=(263) ./misc/../sysdeps/unix/sysv/linux/brk_call.h
-12 4
fe=(172)
+13 4
+1 4
+6 2
+1 2

fl=(230)
fn=(822)
23 9
+5 36
+82 9

fl=(168)
fn=(568)
262 1
fi=(169) ./malloc/../sysdeps/unix/sysv/linux/not-cancel.h
97 3
fe=(168)
262 7
+5 1
fi=(169)
97 3
fi=(167)
3143 2
fe=(168)
292 2
+4 3
fi=(167)
1946 6
+3 1
-3 1
+3 2
-3 2
+3 126
-3 126
+3 252
-3 252
+11 1
fe=(168)
300 3
fi=(167)
1958 1
+2 1
fe=(168)
300 1
cob=(3)
cfi=(151)
cfn=(464)
calls=1 0 
* 25
+1 4
cob=(3)
cfi=(151)
cfn=(464)
calls=1 0 
* 26
+1 4
cob=(3)
cfi=(151)
cfn=(464)
calls=1 0 
* 25
+1 4
cob=(3)
cfi=(151)
cfn=(464)
calls=1 0 
* 25
+1 4
cob=(3)
cfi=(151)
cfn=(464)
calls=1 0 
* 26
+1 4
cob=(3)
cfi=(151)
cfn=(464)
calls=1 0 
* 25
+1 4
cob=(3)
cfi=(151)
cfn=(464)
calls=1 0 
* 25
+2 4
cob=(3)
cfi=(151)
cfn=(464)
calls=1 0 
* 25
+1 4
cob=(3)
cfi=(151)
cfn=(464)
calls=1 0 
* 25
+1 4
cob=(3)
cfi=(151)
cfn=(464)
calls=1 0 
* 25
+3 4
cob=(3)
cfi=(151)
cfn=(464)
calls=1 0 
* 25
+1 4
cob=(3)
cfi=(151)
cfn=(464)
calls=1 0 
* 25
+2 2
+10 8

fn=(758)
703 6
+3 2
-1 1
+26 7

fn=(762) alloc_new_heap
380 9
49 3
387 3
+2 2
+1 1
+5 2
+7 1
+2 1
-9 1
+9 1
-9 4
+7 2
+39 4
cfi=(185)
cfn=(618)
calls=1 117 
* 6
* 2
+7 4
cfi=(213)
cfn=(696)
calls=1 33 
* 21
fi=(167)
2008 4
fe=(168)
453 1
+2 1
-2 1
+3 1
+2 9
-44 7
cfi=(184)
cfn=(616)
calls=1 47 
* 26
* 1
+1 2
+2 1
+1 5
+5 1
-3 3
+4 4
cfi=(185)
cfn=(764)
calls=1 117 
* 6
* 1
49 1
+6 2
421 3
cfi=(185)
cfn=(764)
calls=1 117 
* 6
* 2

fn=(840)
893 81
fi=(167)
3213 9
+2 9
-2 9
+2 9
+2 18
+4 3
+4 1
+2 192
-2 192
+13 2
cfn=(836)
calls=1 3359 
* 179
* 1
fe=(168)
899 2
+1 1
+2 2
-3 16
+1 8
+2 16
+2 4
+3 3
+1 3
+2 1
+1 1
-1 1
+3 4
+2 72

fn=(760)
818 9
+10 1
+4 1
-4 2
+2 3
+23 3
+12 8
-33 2
+23 7
463 1
638 2
463 2
+7 6
cfn=(762)
calls=1 -90 
* 155
* 1
640 2
+9 3
fi=(167)
1946 2
+3 1
-3 1
+3 2
-3 2
+3 126
-3 126
+3 252
-3 252
+7 3
+2 1
+3 1
fe=(168)
657 1
-6 1
+5 1
-3 3
+5 2
+1 2
+2 1
-1 1
+1 3
+2 1
+1 1
+4 1
-4 1
+1 1
+3 1
-2 1
+2 2
+3 2
+7 1
-2 1
+2 3
+2 4
-61 2
+63 4
+12 4

ob=(5)
fl=(160)
fn=(556) ft_strlen
0 159

fn=(558) ft_atol
0 790

fn=(802) wait_all_philo_is_ready
0 11
cob=(3)
cfi=(151)
cfn=(702)
calls=1 0 
0 38
0 145
cob=(3)
cfi=(151)
cfn=(788)
calls=8 0 
0 808
0 8
cob=(3)
cfi=(151)
cfn=(788)
calls=1 0 
0 101
0 65
cob=(3)
cfi=(151)
cfn=(704)
calls=1 0 
0 39
0 2
cob=(3)
cfi=(151)
cfn=(788)
calls=1 0 
0 101
0 3

fn=(886)
0 9
cob=(3)
cfi=(151)
cfn=(892)
calls=1 0 
0 80
0 1
cfn=(902) 0x00000000000011f0
calls=1 0 
0 5
0 3

fn=(542)
0 24
cfn=(544) parser
calls=1 0 
0 1998
0 5
cfn=(560) initialiser
calls=1 0 
0 8792
0 5
cfn=(590) resolver
calls=1 0 
0 14101
0 3
cfn=(872) free_list
calls=1 0 
0 3556
0 6

fn=(716) ph_take_forks
0 5991
cfn=(712) ph_is_dead
calls=1717 0 
0 101303
0 15378
cfn=(718) fk_take
calls=1702 0 
0 303166
0 13626
cfn=(718)
calls=1698 0 
0 299320
0 5094
cob=(3)
cfi=(151)
cfn=(788)
calls=1698 0 
0 171498
0 38
cob=(3)
cfi=(151)
cfn=(788)
calls=19 0 
0 1919
0 4052

fn=(816) fk_put
0 1656
cob=(3)
cfi=(151)
cfn=(702)
calls=184 0 
0 6992
0 1104
cob=(3)
cfi=(151)
cfn=(704)
calls=184 0 
0 5152
0 552

fn=(854) join_philos
0 72
cob=(3)
cfi=(151)
cfn=(654)
calls=8 0 
0 3043
0 96

fn=(554) is_number
0 409

fn=(718)
0 34000
cob=(3)
cfi=(151)
cfn=(702)
calls=3400 0 
0 129200
0 30600
cob=(3)
cfi=(151)
cfn=(704)
calls=3400 0 
0 95200
0 7472
cfn=(720) print_action
calls=168 0 
0 295814
0 10200

fn=(800)
0 10
cfn=(802)
calls=1 0 
0 1321
0 411
cfn=(810) get_count
calls=41 0 
0 31587
0 86
cfn=(818) ph_stop_all
calls=1 0 
0 84
0 205
cob=(3)
cfi=(151)
cfn=(788)
calls=41 0 
0 4141
0 168
cfn=(714) ph_get_dead
calls=42 0 
0 3608
0 87

fn=(588) lstadd_bidir_back
0 128
cob=(3)
cfi=(151)
cfn=(562)
calls=16 0 
0 3072
0 487

fn=(714)
0 1206
cob=(3)
cfi=(151)
cfn=(702)
calls=134 0 
0 5526
0 938
cob=(3)
cfi=(151)
cfn=(704)
calls=134 0 
0 3928
0 402

fn=(902)
0 5

fn=(512)
0 12
cob=(2)
cfi=(161)
cfn=(514)
calls=1 242 
0 30327

fn=(544)
0 46
cfn=(546) get_args
calls=1 0 
0 1945
0 7

fn=(706) get_time
0 344333
cob=(3)
cfi=(151)
cfn=(708)
calls=31303 0 
0 313030
0 500848

fn=(720)
0 4200
cfn=(706)
calls=420 0 
0 15540
0 6132
cob=(3)
cfi=(151)
cfn=(702)
calls=84 0 
0 3246
0 1680
cob=(3)
cfi=(151)
cfn=(702)
calls=336 0 
0 15229
0 7020
cob=(3)
cfi=(151)
cfn=(722)
calls=408 0 
0 646425
0 2940
cob=(3)
cfi=(151)
cfn=(704)
calls=420 0 
0 13443
0 2520

fn=(796) ph_sleep
0 1892
cfn=(798) compute_deadline
calls=172 0 
0 13072
0 516
cfn=(706)
calls=172 0 
0 6364
0 3072
cob=(3)
cfi=(151)
cfn=(788)
calls=1020 0 
0 103020
0 1192
cfn=(706)
calls=1192 0 
0 44104
0 59312
cob=(3)
cfi=(151)
cfn=(788)
calls=27186 0 
0 2745786
0 27358
cfn=(706)
calls=27358 0 
0 1012246
0 109948
cfn=(712)
calls=172 0 
0 10148
0 516

fn=(812) ph_inc_meal_count
0 756
cob=(3)
cfi=(151)
cfn=(702)
calls=84 0 
0 3192
0 756
cob=(3)
cfi=(151)
cfn=(704)
calls=84 0 
0 2352
0 252

fn=(548) get_arg
0 115
cfn=(550) get_callback_is_type
calls=5 0 
0 30
0 85
cfn=(552) is_unsigned_int
calls=5 0 
0 1538
0 25

fn=(552)
0 65
cfn=(554)
calls=5 0 
0 409
0 25
cfn=(556)
calls=5 0 
0 159
0 25
cfn=(558)
calls=5 0 
0 790
0 65

fn=(700)
0 200
cob=(3)
cfi=(151)
cfn=(702)
calls=8 0 
0 400
0 40
cob=(3)
cfi=(151)
cfn=(704)
calls=8 0 
0 268
0 8
cfn=(706)
calls=8 0 
0 296
0 144
cfn=(796)
calls=4 0 
0 49562
0 508
cfn=(716)
calls=84 0 
0 921385
0 336
cfn=(720)
calls=84 0 
0 146236
0 756
cfn=(796)
calls=84 0 
0 2040577
0 252
cfn=(812)
calls=84 0 
0 7308
0 420
cfn=(814) fk_puts
calls=84 0 
0 15372
0 336
cfn=(720)
calls=84 0 
0 141279
0 756
cfn=(796)
calls=84 0 
0 2048407
0 336
cfn=(720)
calls=84 0 
0 135046
0 168
cob=(3)
cfi=(151)
cfn=(788)
calls=84 0 
0 8484
0 276
cfn=(712)
calls=92 0 
0 5428
0 552
cfn=(714)
calls=92 0 
0 8392
0 224
cfn=(814)
calls=8 0 
0 1464
0 24

fn=(810)
0 2009
cob=(3)
cfi=(151)
cfn=(702)
calls=328 0 
0 12464
0 3376
cob=(3)
cfi=(151)
cfn=(704)
calls=16 0 
0 448
0 1560
cob=(3)
cfi=(151)
cfn=(704)
calls=312 0 
0 8736
0 2994

fn=(524)
0 12

fn=(560)
0 27
cob=(3)
cfi=(151)
cfn=(562)
calls=8 0 
0 3169
0 120
cob=(3)
cfi=(151)
cfn=(562)
calls=8 0 
0 1536
0 144
cfn=(588)
calls=8 0 
0 1839
0 40
cfn=(588)
calls=8 0 
0 1848
0 69

fn=(814)
0 828
cfn=(816)
calls=92 0 
0 7728
0 276
cfn=(816)
calls=92 0 
0 7728
0 276

fn=(818)
0 9
cob=(3)
cfi=(151)
cfn=(702)
calls=1 0 
0 38
0 6
cob=(3)
cfi=(151)
cfn=(704)
calls=1 0 
0 28
0 3

fn=(590)
0 28
cob=(3)
cfi=(151)
cfn=(592)
calls=1 0 
0 41
0 7
cob=(3)
cfi=(151)
cfn=(592)
calls=1 0 
0 41
0 16
cob=(3)
cfi=(151)
cfn=(598)
calls=1 0 
0 1156
0 9
cfn=(652) init_philos_and_forks
calls=1 0 
0 9323
0 6
cob=(3)
cfi=(151)
cfn=(654)
calls=1 0 
0 245
0 9
cfn=(854)
calls=1 0 
0 3211
0 9

fn=(712)
0 11886
cfn=(706)
calls=1981 0 
0 73297
0 31696

fn=(874) list_size
0 125

fn=(546)
0 100
cfn=(548)
calls=5 0 
0 1793
0 52

fn=(550)
0 30

fn=(652)
0 97
cob=(3)
cfi=(151)
cfn=(592)
calls=8 0 
0 328
0 112
cob=(3)
cfi=(151)
cfn=(598)
calls=8 0 
0 8264
0 88
cob=(3)
cfi=(151)
cfn=(592)
calls=8 0 
0 328
0 106

fn=(798)
0 1548
cfn=(706)
calls=172 0 
0 6364
0 5160

fn=(872)
0 9
cfn=(874)
calls=1 0 
0 125
0 195
cob=(3)
cfi=(151)
cfn=(876)
calls=16 0 
0 1448
0 48
cob=(3)
cfi=(151)
cfn=(876)
calls=16 0 
0 1660
0 64

ob=(4)
fl=(154)
fn=(922) 0x0000000000001060
0 5

fn=(912)
0 9
cob=(3)
cfi=(151)
cfn=(918)
calls=1 0 
0 80
0 1
cfn=(922)
calls=1 0 
0 5
0 3

fn=(492)
0 9

ob=(5)
fl=(160)
fn=(872)
0 3

ob=(4)
fl=(154)
fn=(492)
0 3

ob=(5)
fl=(160)
fn=(872)
0 4

totals: 5754113
